hour	h.choice income	age	edu	n1	n2	n3	race	home	lur
2000	5	 350	26	12	0	1	0	0	1	7
390	2	 241	29	8	0	1	1	0	1	4
1900	5	 160	33	10	0	2	0	0	1	7
0	1	 80	20	9	2	0	0	0	1	7
3177	6	 456	33	12	0	2	0	0	1	7
0	1	 390	22	12	2	0	0	0	1	7
0	1	 181	41	9	0	0	1	0	1	7
1040	3	 726	31	16	2	1	0	0	1	3
2040	5	 -5	33	12	0	3	0	0	0	4
0	1	 78	30	11	1	1	0	0	0	5
1432	4	 195	41	12	0	1	0	1	1	7
1544	4	 95	23	14	0	0	0	1	0	3
877	3	 351	32	16	0	0	0	0	1	7
0	1	 303	56	12	0	0	0	0	1	12
0	1	 513	35	12	1	1	0	0	1	12
1204	3	 133	30	14	0	0	0	0	1	7
336	2	 185	20	12	1	0	0	0	1	7
2500	6	 270	26	10	1	1	0	0	0	6
0	1	 100	24	12	1	0	0	1	0	7
1250	3	 131	20	12	0	0	0	0	0	4
632	2	 325	33	12	0	2	1	0	1	5
1062	3	 226	30	12	1	1	0	0	1	5
2104	5	 246	37	17	0	2	1	0	0	5
352	2	 364	39	12	0	1	1	0	1	5
2008	5	 142	54	12	0	0	0	0	1	5
0	1	 114	34	12	2	0	0	0	1	5
1780	5	 96	29	12	0	0	0	1	0	5
2244	5	 510	37	15	0	0	2	0	0	5
1009	3	 453	40	16	0	1	1	0	1	3
2420	6	 70	19	12	0	0	0	0	0	4
764	3	 303	26	12	3	0	0	0	1	7
1676	4	 141	25	8	2	1	0	0	1	7
2026	5	 679	33	12	0	2	0	0	1	6
2060	5	 50	31	8	0	2	0	0	0	6
2750	6	 172	26	15	0	0	0	0	1	3
1464	4	 127	25	16	0	0	0	0	0	3
1632	4	 410	25	17	0	0	0	0	1	6
1932	5	 260	46	12	0	2	0	0	1	4
1680	4	 175	44	12	0	0	1	0	1	4
0	1	 120	28	12	1	2	0	0	0	4
0	1	 159	32	12	0	1	0	0	0	8
2290	6	 80	48	13	0	0	0	0	0	8
444	2	 60	23	13	0	0	0	0	0	5
3050	6	 103	35	16	0	1	1	0	1	4
1850	5	 180	27	12	1	1	0	0	0	10
1293	4	 290	20	12	0	0	0	0	0	8
543	2	 146	27	12	1	0	0	0	0	9
1225	3	 169	20	11	0	0	0	0	1	5
0	1	 156	50	11	0	0	0	0	1	3
2056	5	 210	22	12	0	0	0	0	0	4
1952	5	 485	35	12	0	0	3	0	1	6
0	1	 190	40	12	0	2	0	0	1	6
1980	5	 483	43	15	0	0	0	0	1	3
870	3	 119	61	12	0	0	0	0	1	3
1495	4	 230	30	17	0	0	0	0	0	9
2133	5	 290	35	17	1	1	0	0	1	3
0	1	 325	53	10	0	0	0	0	1	2
0	1	 175	60	16	0	0	0	0	1	8
1326	4	 386	29	12	0	2	1	0	0	6
0	1	 384	51	9	0	0	0	0	1	6
0	1	 330	29	12	1	2	0	0	0	4
1560	4	 503	36	14	0	0	0	0	1	6
996	3	 800	36	14	0	2	0	0	1	6
1800	5	 334	47	12	0	0	1	0	1	6
0	1	 553	34	16	2	1	0	0	1	4
1920	5	 810	56	13	0	0	0	0	1	4
0	1	 306	35	10	1	2	1	0	1	4
1352	4	 260	23	12	1	0	0	0	1	4
0	1	 584	55	12	0	0	0	0	1	3
1944	5	 83	33	12	0	1	0	0	1	3
2184	5	 190	25	16	0	0	0	0	1	3
1770	5	 475	45	17	0	1	0	0	1	8
1432	4	 150	23	16	0	0	0	0	0	8
555	2	 366	48	16	0	0	1	0	1	8
24	2	 311	28	12	2	0	0	0	1	3
760	3	 714	54	12	0	0	0	0	1	3
1634	4	 37	40	16	0	2	0	0	0	3
1344	4	 174	39	14	0	1	0	0	1	3
0	1	 341	56	12	0	0	0	1	1	7
0	1	 645	41	13	0	2	0	0	1	3
0	1	 360	34	13	1	2	0	0	1	3
0	1	 380	31	12	2	1	0	0	0	3
158	2	 182	38	10	0	2	0	0	1	8
920	3	 304	30	16	1	0	0	0	1	4
0	1	 293	24	13	1	0	0	0	0	7
1968	5	 775	60	13	0	0	0	0	1	4
0	1	 408	27	17	1	0	0	0	1	7
1667	4	 217	37	15	2	0	0	0	0	5
2080	5	 317	42	10	0	0	0	0	1	6
1655	4	 293	37	12	0	2	1	0	1	4
1208	3	 430	32	12	1	1	0	0	1	4
1530	4	 306	23	11	0	0	0	0	1	4
0	1	 485	53	15	0	0	0	0	1	4
0	1	 142	60	0	0	0	0	0	0	7
2220	5	 248	51	10	0	0	0	0	1	7
0	1	 545	42	12	0	0	1	0	1	4
1648	4	 250	49	16	0	0	0	0	1	4
1000	3	 290	21	13	0	0	0	0	0	4
1960	5	 346	57	16	0	0	0	0	1	6
0	1	 1100	32	16	2	0	0	0	1	6
0	1	 1320	40	16	0	3	1	0	1	3
1750	4	 313	44	12	0	0	1	0	1	4
988	3	 337	55	12	0	0	0	0	1	4
0	1	 383	37	17	2	0	0	0	1	5
2000	5	 569	41	12	0	1	0	0	1	5
0	1	 557	36	16	2	2	0	0	1	6
0	1	 180	32	12	1	2	0	0	1	3
1930	5	 450	30	16	2	0	0	0	1	3
1584	4	 380	38	17	1	1	0	0	1	3
2070	5	 343	38	17	0	0	0	0	1	2
888	3	 146	23	12	1	0	0	0	1	8
0	1	 75	57	12	0	0	0	0	1	3
2120	5	 230	29	15	1	2	0	0	1	3
212	2	 231	26	12	1	0	0	0	1	3
856	3	 199	27	14	1	0	0	0	1	3
1750	4	 358	48	12	0	1	1	0	0	7
1897	5	 126	20	12	0	0	0	0	1	7
0	1	 290	25	12	1	0	0	0	1	4
0	1	 381	28	10	1	1	0	0	1	8
0	1	 450	37	17	1	1	0	0	1	4
2810	6	 1021	48	17	0	0	0	0	1	4
2000	5	 220	36	14	2	1	0	0	0	6
1896	5	 460	40	16	0	0	0	0	1	4
0	1	 67	26	14	3	2	0	0	0	6
1813	5	 280	53	16	0	0	0	0	1	6
759	3	 98	38	17	0	0	0	0	0	5
0	1	 1000	55	12	0	0	0	0	1	3
1575	4	 811	32	14	0	0	0	0	1	3
1653	4	 271	27	14	0	0	0	0	0	3
0	1	 504	30	16	1	0	0	0	1	5
1793	5	 396	41	12	0	0	1	0	1	3
1980	5	 225	38	12	0	1	0	0	1	4
180	2	 178	60	12	0	0	0	0	1	7
38	2	 301	32	12	2	1	0	0	1	5
2083	5	 82	37	15	0	0	1	0	0	8
258	2	 615	38	17	0	0	2	0	1	7
2084	5	 851	50	14	0	0	0	0	1	3
1512	4	 332	60	12	0	0	0	0	1	3
0	1	 603	34	14	2	0	0	0	1	2
2000	5	 350	32	16	0	0	0	0	1	4
1440	4	 80	41	16	0	1	0	0	1	3
1560	4	 1150	47	17	0	0	1	0	1	3
0	1	 237	28	13	1	0	1	0	1	7
1944	5	 430	38	16	1	2	0	1	1	3
1560	4	 602	34	17	1	1	0	0	1	6
0	1	 282	22	12	1	0	0	0	1	3
2024	5	 584	41	12	0	0	1	0	1	3
1815	5	 550	32	16	0	0	0	0	1	2
1920	5	 470	57	12	0	0	1	0	0	3
1560	4	 141	36	12	1	2	0	0	1	5
1757	5	 65	40	12	0	0	3	0	1	8
2112	5	 295	43	13	0	0	0	0	0	5
0	1	 380	27	12	2	0	0	0	0	5
1964	5	 137	24	14	1	0	0	0	1	4
1755	5	 271	40	17	1	1	0	0	1	4
2320	6	 44	24	12	1	0	0	0	0	5
0	1	 110	25	12	1	0	0	0	0	11
1200	3	 238	34	14	0	1	0	0	1	11
1960	5	 465	60	12	0	0	0	0	1	11
2940	6	 902	52	13	0	0	0	0	0	5
1336	4	 320	32	12	1	3	0	0	1	6
1822	5	 356	35	13	0	0	1	0	1	5
1968	5	 140	38	17	0	4	0	0	0	5
563	2	 47	26	12	3	1	0	1	0	6
1174	3	 73	55	8	0	0	0	1	1	9
624	2	 335	28	8	0	2	0	1	1	9
0	1	 122	24	12	3	0	0	0	0	9
644	2	 146	32	8	1	1	1	1	0	9
696	2	 97	24	9	0	2	0	1	0	9
57	2	 242	32	12	3	1	0	0	0	2
0	1	 350	59	10	0	0	0	0	1	1
585	2	 335	36	11	0	0	2	0	1	2
492	2	 558	35	12	0	2	1	0	1	2
0	1	 555	30	15	1	0	0	0	1	7
2222	5	 825	34	17	0	1	0	0	1	6
1360	4	 691	38	16	0	2	0	0	1	7
1555	4	 870	61	14	0	0	0	0	1	7
0	1	 197	35	12	0	3	0	0	1	5
0	1	 1000	36	14	2	0	0	0	1	5
1880	5	 320	52	14	0	0	0	0	1	5
0	1	 161	28	13	2	0	0	0	0	5
1900	5	 269	33	13	0	1	1	0	1	5
2074	5	 400	27	14	0	0	0	0	1	6
0	1	 270	55	12	0	0	0	0	1	6
520	2	 120	63	9	0	0	0	0	1	8
0	1	 460	35	12	1	2	0	0	1	8
344	2	 388	41	15	0	2	1	0	1	8
1968	5	 319	27	16	0	0	0	0	1	8
0	1	 454	64	12	0	0	0	0	1	8
1965	5	 262	37	16	1	0	0	0	1	6
1000	3	 530	45	12	0	0	1	0	1	7
0	1	 209	26	13	1	0	0	0	0	6
2008	5	 498	55	17	0	0	0	0	1	7
0	1	 571	33	17	2	0	0	0	1	2
1924	5	 383	49	12	0	0	0	1	0	5
0	1	 3275	60	12	0	0	0	0	1	8
2070	5	 871	63	15	0	0	0	0	1	3
872	3	 100	27	10	0	0	0	0	0	3
3568	6	 919	36	14	1	1	0	0	1	5
714	2	 333	58	16	0	0	0	0	1	6
276	2	 131	44	14	0	0	0	0	0	11
2016	5	 85	25	16	0	0	0	0	0	8
0	1	 166	22	9	3	0	0	0	0	5
1040	3	 705	45	13	0	0	0	0	1	3
0	1	 393	51	12	0	0	0	0	1	3
1936	5	 117	30	10	0	2	0	0	0	3
4	2	 484	41	12	0	1	0	0	1	5
2495	6	 121	28	12	0	1	0	0	0	5
1885	5	 236	28	16	0	0	0	0	1	5
894	3	 630	55	14	0	0	0	0	1	6
1860	5	 282	33	15	2	0	0	0	0	8
1874	5	 460	38	11	0	0	1	0	0	4
2268	6	 330	48	7	0	0	0	0	1	7
0	1	 165	33	11	0	1	0	0	1	7
0	1	 535	47	9	0	0	1	1	1	5
103	2	 237	48	11	0	0	1	0	1	6
130	2	 859	55	17	0	0	0	0	1	4
1880	5	 500	53	16	0	0	0	1	1	4
1650	4	 620	52	16	0	0	0	1	1	4
0	1	 225	34	12	0	1	0	1	0	4
698	2	 497	32	14	1	0	0	0	0	3
744	2	 450	34	16	1	1	0	0	0	3
1200	3	 2000	58	12	0	0	0	0	1	3
0	1	 72	63	12	0	0	0	0	1	9
588	2	 237	49	10	0	0	0	1	1	10
1216	3	 200	27	12	2	1	0	1	1	10
0	1	 456	34	13	0	2	1	0	1	5
784	3	 291	29	14	0	0	0	0	0	5
0	1	 244	34	16	2	0	0	0	1	3
0	1	 180	35	16	2	2	0	0	0	4
2050	5	 210	60	12	0	0	0	0	1	3
2054	5	 279	46	12	0	0	0	0	1	3
2122	5	 270	24	12	0	0	0	0	1	3
1880	5	 270	46	12	0	0	0	0	1	3
0	1 	 100	34	11	0	1	2	1	0	3
1972	5	 181	29	13	1	1	0	1	1	3
0	1	 114	57	12	0	0	0	0	1	6
1960	5	 206	30	12	1	2	0	0	1	3
0	1	 168	57	12	0	0	0	0	1	3
0	1	 72	62	10	0	0	0	0	1	3
1568	4	 291	38	14	0	1	1	0	1	3
0	1	 540	32	16	2	0	0	0	1	6
1632	4	 386	43	12	0	0	0	0	1	4
1960	5	 150	35	12	0	1	0	0	0	3
0	1	 211	62	12	0	0	0	0	1	4
1880	5	 303	39	12	0	0	1	0	1	3
1224	3	 410	55	12	0	0	0	0	1	4
1296	4	 70	26	12	1	0	0	0	0	4
0	1	 160	24	12	1	0	0	0	0	4
775	3	 373	36	16	1	1	0	0	1	5
0	1	 607	32	15	2	0	0	0	1	7
0	1	 456	39	14	1	1	0	0	1	5
2022	5	 429	39	12	0	0	2	0	1	4
1729	4	 159	34	12	0	0	0	0	1	6
1504	4	 332	39	16	1	1	0	0	1	3
1436	4	 274	43	17	0	1	1	0	1	3
0	1	 380	43	13	0	0	0	0	1	6
1952	5	 161	35	11	1	0	0	0	0	6
0	1	 77	28	12	0	2	0	0	0	6
1692	4	 100	41	17	1	2	0	0	1	8
0	1	 94	50	12	0	0	0	1	1	10
0	1	 150	45	10	0	1	0	1	1	10
432	2	 122	40	14	0	1	0	0	0	2
534	2	 146	36	13	2	0	0	0	0	3
2040	5	 75	31	12	0	1	0	0	0	4
2277	6	 355	34	17	0	0	0	0	1	2
0	1	 264	40	12	0	1	2	0	1	3
1050	3	 155	35	12	0	3	1	0	1	4
1644	4	 160	21	12	1	0	0	0	0	4
0	1	 482	39	12	0	1	0	0	1	1
2016	5	 266	39	9	0	0	0	0	1	3
200	2	 212	53	12	0	0	0	0	1	7
1890	5	 240	23	14	1	0	0	0	1	7
2205	5	 262	29	16	0	0	0	0	0	4
2808	6	 235	36	10	0	1	1	0	1	7
1056	3	 420	37	12	0	2	1	0	1	5
2340	6	 197	59	12	0	0	0	0	1	5
25	2	 123	24	12	2	0	0	0	0	4
1975	5	 0	46	12	1	1	0	0	1	7
2000	5	 402	52	12	0	0	0	0	1	3
1752	5	 343	24	14	0	0	0	0	0	3
1865	5	 121	27	12	0	0	0	0	1	11
328	2	 426	49	12	0	0	0	0	1	11
0	1	 72	28	12	2	0	0	0	1	12
1288	4	 107	43	10	0	0	0	0	1	12
0	1	 147	26	12	2	1	0	0	1	12
2450	6	 250	51	10	0	0	0	0	0	4
750	2	 501	37	12	1	0	1	0	1	3
1290	4	 186	41	8	0	1	0	0	0	9
0	1	 107	22	11	2	0	0	0	0	9
2061	5	 335	38	14	0	1	2	0	1	6
1523	4	 270	44	12	0	1	1	0	1	5
1900	5	 839	37	12	0	0	0	0	1	3
1656	4	 262	37	12	0	0	1	0	1	7
2450	6	 309	45	12	0	0	0	0	1	4
785	3	 171	21	15	1	0	0	0	0	4
1800	5	 123	60	14	0	0	0	1	1	3
2100	5	 647	55	13	0	0	1	0	1	2
1759	5	 269	36	14	0	1	1	1	1	6
0	1	 228	53	12	0	0	0	0	1	4
1896	5	 326	33	12	0	0	0	1	1	8
0	1	 236	37	13	0	1	0	0	1	8
882	3	 310	37	12	0	1	1	0	1	11
1596	4	 194	36	9	0	2	2	0	1	6
1834	5	 123	35	11	0	0	2	0	1	6
727	2	 418	46	16	0	1	0	0	1	4
1936	5	 160	26	14	1	0	0	0	0	7
0	1	 157	63	8	0	0	0	0	1	7
0	1	 245	62	12	0	0	0	0	1	8
1214	3	 215	22	15	0	0	0	0	0	8
0	1	 432	33	12	0	1	2	0	1	8
0	1	 320	28	14	2	0	0	0	0	6
0	1	 800	26	13	2	0	0	0	1	8
0	1	 240	62	12	0	0	0	0	1	6
0	1	 274	54	10	0	0	1	0	1	5
0	1	 237	31	12	1	1	0	0	1	8
1764	5	 370	33	13	0	3	0	0	0	9
2008	5	 240	23	8	1	1	0	0	0	5
1880	5	 190	35	11	0	1	1	0	1	5
1715	4	 110	32	10	0	2	1	0	0	5
0	1	 99	26	10	1	1	0	0	0	5
1312	4	 431	36	12	0	2	1	0	1	3
1720	4	 336	25	16	0	0	0	0	0	5
1790	5	 100	21	13	0	0	0	0	0	5
1920	5	 218	29	12	1	0	0	0	0	5
2046	5	 220	38	12	0	2	0	1	1	6
2390	6	 70	28	13	1	1	0	1	0	6
1920	5	 380	32	12	0	0	1	1	0	3
0	1	 141	56	15	0	0	0	0	0	5
1516	4	 534	26	17	0	0	0	0	1	7
4742	6	 230	31	17	1	2	0	0	1	8
1720	4	 232	28	12	1	0	0	0	1	8
0	1	 208	57	15	0	0	0	0	1	9
2000	5	 104	25	12	1	0	0	0	1	9
1709	4	 121	61	7	0	0	0	0	1	4
2540	6	 280	32	12	0	0	0	0	1	3
1250	3	 500	31	16	1	0	0	0	1	6
0	1	 166	62	12	0	0	0	0	1	4
1760	5	 108	44	13	0	0	0	0	0	3
1778	5	 302	44	13	0	0	1	0	1	3
2338	6	 378	26	17	0	0	0	0	0	7
973	3	 880	48	16	0	0	0	0	1	6
1764	5	 222	42	15	0	0	2	0	1	3
0	1	 384	64	17	0	0	0	0	1	3
353	2	 546	36	16	1	1	0	0	1	3
36	2	 2345	35	17	2	1	0	0	1	2
741	2	 500	37	16	0	2	0	0	1	3
0	1	 264	35	10	0	2	0	0	1	4
1656	4	 190	21	13	1	0	0	0	0	4
1628	4	 685	35	15	0	0	1	0	1	6
0	1	 144	40	12	1	1	0	0	0	8
1682	4	 741	55	13	0	0	1	0	1	3
2250	5	 360	27	16	1	0	0	0	1	3
0	1	 432	33	14	0	4	0	0	1	3
2167	5	 420	34	12	0	2	0	0	0	6
2510	6	 432	28	14	0	4	0	0	1	3
1843	5	 628	58	12	0	0	1	0	1	5
0	1	 470	35	13	1	0	1	0	1	5
2080	5	 481	24	12	0	0	0	0	1	5
2100	5	 280	36	14	0	1	1	0	1	5
1777	5	 240	31	12	0	2	0	0	1	5
1568	4	 100	33	17	1	1	0	0	1	4
1800	5	 563	51	14	0	0	0	0	1	5
1837	5	 322	27	17	0	0	0	0	1	4
492	2	 591	40	15	0	1	1	0	1	3
214	2	 855	31	16	2	0	0	0	1	5
1636	4	 190	28	15	0	0	0	0	1	5
2023	5	 280	26	16	0	0	0	0	1	2
1616	4	 363	35	12	1	1	0	0	1	5
1992	5	 194	34	16	0	0	0	0	0	5
1200	3	 123	57	12	0	0	0	0	1	6
759	3	 188	29	12	0	3	0	0	1	4
1000	3	 175	62	12	0	0	0	0	1	4
0	1	 685	40	12	1	1	0	0	1	5
0	1	 754	52	12	0	0	0	0	0	14
132	2	 530	37	17	2	0	0	0	1	5
657	2	 220	36	17	2	0	0	0	1	5
2000	5	 482	40	12	0	0	1	0	1	4
431	2	 282	28	12	0	0	0	1	0	7
2226	5	 93	27	12	2	0	0	0	0	5
1832	5	 269	29	16	0	0	0	0	0	5
2684	6	 528	43	12	0	0	0	0	1	5
1008	3	 288	31	14	1	0	0	0	1	9
396	2	 197	58	12	0	0	0	0	1	5
593	2	 240	28	13	1	0	0	0	1	7
2064	5	 212	55	14	0	0	0	0	0	7
1791	5	 430	35	16	0	1	0	0	1	5
1912	5	 264	26	12	0	0	0	0	1	5
0	1	 186	32	10	1	1	0	0	1	6
0	1	 76	60	7	0	0	0	0	1	5
2196	5	 307	31	13	0	2	0	0	1	5
0	1	 332	35	14	2	1	0	0	1	5
0	1	 50	60	7	0	0	0	0	0	5
780	3	 380	40	12	1	0	1	0	1	9
0	1	 1860	61	12	0	0	0	0	1	5
1482	4	 184	25	12	1	0	0	0	0	5
436	2	 170	23	12	2	0	0	0	0	5
700	2	 520	53	12	0	0	0	0	1	5
1365	4	 2680	48	16	0	0	0	0	1	6
960	3	 265	29	16	2	0	0	0	1	6
258	2	 350	31	12	0	1	0	0	1	6
1800	5	 160	24	14	0	0	0	0	0	6
1687	4	 374	35	12	0	0	1	0	1	3
58	2	 395	44	10	0	0	0	0	1	3
2096	5	 564	42	12	0	0	1	0	1	3
648	2	 46	23	17	0	0	0	0	0	9
1750	4	 505	60	12	0	0	0	0	1	3
1470	4	 322	29	13	0	0	0	1	0	7
1224	3	 237	36	14	0	2	0	0	1	3
2000	5	 0	29	12	1	0	0	0	1	5
1306	4	 485	32	16	1	0	0	0	1	3
892	3	 355	27	12	1	0	0	0	1	3
2064	5	 461	43	12	0	0	1	0	1	3
1920	5	 319	45	15	0	1	0	0	1	5
1164	3	 300	38	17	0	1	0	0	0	3
1800	5	 137	38	12	0	1	1	0	1	6
2034	5	 450	43	12	0	0	0	0	1	5
2072	5	 40	22	13	0	0	0	0	0	2
1920	5	 564	35	12	0	1	0	0	1	4
1040	3	 106	54	11	0	0	0	0	1	1
768	3	 158	28	14	2	0	0	0	1	1
1896	5	 130	26	11	0	0	0	0	0	1
1043	3	 379	56	16	0	0	0	0	1	5
0	1	 240	42	12	1	1	1	0	1	11
0	1	 294	46	7	1	1	0	0	1	4
1985	5	 133	35	11	0	0	1	0	1	4
1752	5	 250	28	14	1	0	0	0	1	4
1775	5	 100	24	12	1	0	0	0	0	4
942	3	 120	24	14	0	0	0	0	0	7
1992	5	 112	26	12	0	0	0	0	1	4
394	2	 278	30	12	0	2	0	0	1	4
0	1	 476	27	12	2	1	0	0	1	4
0	1	 562	51	12	0	0	0	0	1	4
1976	5	 24	22	12	0	0	0	0	0	7
2205	5	 90	48	11	0	0	1	0	1	7
1920	5	 200	25	11	1	0	0	0	1	7
1974	5	 276	41	12	0	0	0	0	1	7
2064	5	 182	24	14	1	0	0	0	1	4
0	1	 70	22	12	1	0	0	0	0	6
1800	5	 97	41	13	0	0	1	0	0	8
784	3	 180	39	10	0	0	1	0	1	5
2470	6	 424	39	17	0	1	1	0	1	5
1940	5	 198	27	17	0	0	0	0	0	4
0	1	 170	56	14	0	0	0	0	1	5
0	1	 80	24	13	1	0	0	0	1	5
0	1	 624	50	10	0	0	0	0	0	4
0	1	 286	30	10	0	4	0	0	0	5
793	3	 79	24	10	2	0	0	0	1	9
864	3	 136	26	14	1	0	0	0	0	3
1750	4	 342	58	12	0	0	0	0	1	3
1976	5	 80	30	12	0	0	0	0	0	3
1887	5	 329	53	12	0	0	0	0	1	3
1970	5	 366	29	12	0	2	0	0	1	8
1896	5	 83	63	12	0	0	0	0	1	3
2055	5	 174	24	12	0	2	0	0	0	6
2026	5	 194	26	14	1	0	0	0	0	3
1452	4	 237	26	11	0	0	0	0	1	3
1656	4	 180	38	17	1	1	0	0	1	11
2000	5	 650	33	16	0	0	0	0	1	2
2168	5	 356	39	17	0	1	1	0	1	3
2000	5	 116	48	12	0	0	0	0	1	7
0	1	 292	63	13	0	0	0	0	1	7
0	1	 77	60	12	0	0	0	0	1	4
2592	6	 280	35	10	0	0	0	0	1	4
1215	3	 680	60	17	0	0	0	0	1	5
0	1	 985	28	13	2	1	0	0	1	4
972	3	 138	18	11	1	0	0	0	1	5
0	1	 261	34	12	3	1	0	0	1	5
1936	5	 267	45	11	0	0	0	0	1	5
1242	3	 180	29	12	1	0	0	0	1	5
2295	6	 440	41	16	0	1	0	0	1	7
1644	4	 354	57	12	0	0	0	0	1	6
2350	6	 156	29	12	0	0	0	0	1	6
2160	5	 730	48	14	0	0	0	0	1	6
1190	3	 315	23	14	0	0	0	0	1	5
1000	3	 202	35	12	0	1	1	0	1	3
436	2	 360	31	17	1	0	0	0	1	6
0	1	 283	44	12	0	0	1	0	1	2
1331	4	 397	51	12	0	0	0	0	1	5
2184	5	 675	32	16	2	0	0	0	1	7
1263	4	 115	39	12	0	2	0	0	0	5
1568	4	 279	26	13	1	0	0	0	1	5
0	1	 473	49	11	0	0	1	0	1	5
1606	4	 312	29	15	0	2	0	0	1	5
1372	4	 291	24	14	2	0	0	0	1	4
2205	5	 810	33	14	0	1	0	0	1	2
490	2	 417	36	16	1	1	0	0	1	6
0	1	 471	47	9	0	0	0	0	1	8
1035	3	 220	21	14	0	0	0	0	0	5
294	2	 497	42	13	0	2	1	0	1	8
1904	5	 198	22	13	1	0	0	0	0	8
1901	5	 445	40	12	0	0	0	0	1	9
1386	4	 184	23	10	4	1	0	0	0	2
2006	5	 265	45	10	0	0	0	0	1	2
696	2	 347	63	17	0	0	0	0	1	6
0	1	 95	25	12	1	0	0	0	0	5
0	1	 233	63	12	0	0	0	0	1	8
1908	5	 348	29	14	0	0	0	0	1	6
691	2	 410	36	12	1	1	0	0	1	4
0	1	 383	57	14	0	0	0	0	1	3
243	2	 496	42	16	0	2	0	0	0	3
1225	3	 270	39	16	1	1	0	0	1	5
0	1	 412	42	12	0	2	1	0	1	3
0	1	 4566	46	17	0	0	1	0	1	3
0	1	 473	58	12	0	0	0	0	1	6
0	1	 290	33	12	0	1	0	0	1	5
1680	4	 520	33	16	0	1	0	0	0	4
0	1	 1123	47	15	0	0	0	0	1	5
1536	4	 348	51	12	0	0	0	1	1	3
2000	5	 694	27	12	1	0	0	0	1	3
936	3	 210	26	12	1	1	0	0	0	4
1518	4	 242	29	12	1	0	0	0	0	3
1544	4	 290	37	17	0	0	0	0	0	6
2032	5	 522	41	14	0	1	0	0	1	3
0	1	 1578	48	13	0	2	0	0	1	7
298	2	 181	62	5	0	0	0	0	1	4
735	2	 500	32	15	0	0	0	0	1	4
1888	5	 337	34	12	1	0	0	0	1	6
0	1	 582	55	10	0	0	0	0	1	4
0	1	 383	30	16	3	0	0	0	1	4
1200	3	 415	31	12	2	0	0	0	1	3
958	3	 459	43	9	0	1	1	0	1	7
1365	4	 463	41	14	0	0	0	0	1	7
1080	3	 90	44	12	0	0	0	0	0	6
2056	5	 273	34	14	0	0	0	0	1	5
0	1	 477	59	12	0	0	0	0	1	4
1733	4	 697	36	12	0	1	0	0	1	4
2232	5	 178	26	12	1	0	0	0	1	4
2056	5	 271	23	10	1	0	0	0	1	4
325	2	 313	32	12	0	3	0	0	1	4
2070	5	 396	26	16	0	0	0	0	0	9
2500	6	 400	51	12	0	0	0	0	1	5
1694	4	 403	41	13	0	0	0	0	1	7
2178	5	 280	48	17	0	0	0	0	1	3
0	1	 110	38	9	0	0	2	1	1	3
0	1	 140	32	12	0	2	0	1	0	3
1976	5	 293	45	15	0	0	1	0	1	6
682	2	 430	39	12	0	1	0	0	1	6
2048	5	 100	23	16	1	0	0	0	0	10
1872	5	 350	33	17	1	2	0	1	1	10
2080	5	 80	31	11	0	1	0	1	1	5
2360	6	 287	50	17	0	0	0	0	1	7
1414	4	 353	48	13	0	0	0	0	1	7
1916	5	 267	40	12	0	1	1	0	1	3
2000	5	 460	35	16	1	1	0	0	1	6
1880	5	 1000	61	12	0	0	0	0	1	4
0	1	 600	37	17	1	1	0	0	1	6
2156	5	 156	27	14	0	0	0	0	1	5
2726	6	 185	31	14	0	0	0	0	1	5
3792	6	 70	31	17	3	0	0	0	1	6
1932	5	 110	32	13	0	1	0	1	0	6
1920	5	 313	38	14	1	0	0	0	1	9
0	1	 360	30	12	1	2	0	0	1	3
1109	3	 433	56	12	0	0	0	0	1	5
2250	5	 259	21	14	0	0	0	0	0	5
2142	5	 233	34	12	0	0	0	0	1	3
0	1	 270	26	13	2	0	0	0	0	6
1750	4	 446	55	11	0	0	0	0	1	3
0	1	 752	43	16	0	2	0	0	1	3
0	1	 406	39	11	0	0	2	0	1	3
2040	5	 189	25	12	1	0	0	0	0	3
2208	5	 51	24	15	0	0	0	0	0	5
1960	5	 300	62	12	0	0	0	0	1	3
0	1	 219	47	9	0	0	0	0	1	3
2322	6	 473	40	12	0	0	1	0	1	2
0	1	 291	51	12	0	1	0	0	1	8
630	2	 270	29	12	3	0	0	0	0	8
0	1	 930	35	16	1	1	0	0	1	4
2570	6	 350	39	13	0	0	1	0	1	4
1970	5	 61	22	13	0	0	0	0	0	4
0	1	 590	43	14	0	1	0	0	1	4
511	2	 320	44	14	0	2	1	0	1	5
2033	5	 197	27	14	0	0	0	0	1	9
390	2	 151	23	10	2	0	0	0	0	4
1680	4	 280	34	12	0	2	1	0	1	4
1120	3	 129	29	12	2	1	0	0	0	4
688	2	 39	25	14	2	0	0	0	0	9
0	1	 88	39	9	0	0	0	0	1	9
1960	5	 363	39	12	0	0	2	1	1	9
0	1	 358	48	15	0	0	0	0	1	8
0	1	 352	60	11	0	0	0	0	1	4
2783	6	 320	36	14	0	0	1	0	1	4
1480	4	 290	34	16	0	2	0	0	1	7
1480	4	 185	33	12	1	0	0	0	0	5
1392	4	 190	30	12	0	3	0	0	1	7
1652	4	 196	32	14	1	1	0	0	1	7
1826	5	 280	27	16	0	0	0	0	1	4
1600	4	 260	49	17	0	0	0	0	1	7
1240	3	 100	26	12	0	0	0	0	1	5
0	1	 297	59	12	0	0	0	0	1	6
456	2	 242	30	14	1	2	0	0	1	9
1320	4	 401	33	16	0	1	0	0	1	10
1882	5	 250	28	12	1	0	0	0	0	5
263	2	 254	40	12	1	3	0	0	0	5
2683	6	 333	31	16	0	0	0	0	0	5
1966	5	 418	61	12	0	0	0	0	1	5
109	2	 161	24	14	1	0	0	0	0	5
1920	5	 42	28	13	0	0	0	0	0	5
0	1	 265	26	13	1	0	0	0	0	6
856	3	 172	52	16	0	0	0	0	1	5
2040	5	 71	27	16	0	0	0	0	0	5
2088	5	 1000	33	12	1	0	0	0	1	3
2066	5	 188	20	12	0	0	0	0	1	4
1560	4	 178	28	12	0	3	0	0	0	4
0	1	 4553	45	14	0	0	1	0	1	3
1730	4	 1087	49	12	0	0	0	0	1	3
1408	4	 211	35	10	0	0	1	1	1	6
1912	5	 290	39	12	0	1	2	0	1	6
2100	5	 136	43	12	0	0	0	0	1	5
2003	5	 400	21	12	0	0	0	0	0	3
780	3	 324	23	14	0	0	0	0	1	10
2000	5	 360	43	12	0	0	0	0	1	5
250	2	 2221	43	16	0	1	2	0	1	5
816	3	 700	37	16	0	3	0	0	1	4
1387	4	 423	40	16	0	1	1	0	1	5
0	1	 713	31	17	2	0	0	0	1	3
0	1	 470	28	13	1	0	0	0	1	3
0	1	 186	62	12	0	0	0	0	1	2
1696	4	 181	21	12	1	0	0	0	0	6
2568	6	 293	40	12	0	0	2	0	1	9
1503	4	 111	21	12	1	0	0	0	0	7
1984	5	 40	50	12	0	1	0	0	0	7
256	2	 695	33	16	2	0	0	0	1	7
164	2	 1608	39	17	0	2	0	0	1	4
0	1	 272	64	16	0	0	0	0	1	4
0	1	 327	24	9	3	0	0	0	0	5
2400	6	 446	43	12	0	0	0	0	1	5
1908	5	 63	21	12	0	0	0	0	0	5
2625	6	 -73	41	15	0	0	1	0	1	7
2706	6	 522	28	12	0	0	0	1	0	4
2071	5	 178	21	13	0	0	0	0	1	11
0	1	 150	26	12	1	1	0	0	1	7
1544	4	 41	44	12	0	1	0	0	1	7
1491	4	 177	30	16	0	0	0	0	1	3
0	1	 698	54	13	0	0	0	0	1	5
1744	4	 370	41	16	0	2	0	0	1	4
2000	5	 379	41	10	0	0	0	0	1	3
1214	3	 140	21	16	1	0	0	0	1	2
1575	4	 252	43	12	0	1	0	0	1	3
1810	5	 123	24	14	0	0	0	0	1	3
694	2	 357	47	9	0	1	0	0	1	3
2070	5	 125	22	12	0	0	0	0	1	3
576	2	 192	43	16	0	2	1	0	1	6
1276	4	 654	42	17	0	1	1	0	1	5
1219	3	 190	38	13	0	1	2	0	1	3
1150	3	 208	43	12	0	1	1	0	1	5
1920	5	 423	56	12	0	0	0	0	1	5
0	1	 480	27	12	1	0	0	0	1	5
1285	4	 302	33	16	2	0	0	0	1	5
694	2	 574	31	16	2	0	0	0	1	5
911	3	 704	58	15	0	0	0	0	1	5
1784	5	 870	36	14	0	0	0	0	1	5
1664	4	 226	32	12	0	0	0	0	1	6
1317	4	 681	59	16	0	0	0	0	1	5
120	2	 832	35	14	0	3	0	0	1	3
791	3	 100	29	12	1	0	0	0	0	3
1960	5	 415	57	8	0	0	0	0	1	5
1100	3	 216	45	13	0	0	1	0	1	5
1653	4	 231	29	12	0	0	0	0	1	5
0	1	 158	57	8	0	0	0	0	0	5
1880	5	 260	24	10	2	1	0	0	0	2
0	1	 290	22	10	1	0	0	0	0	4
0	1	 309	23	11	2	0	0	0	1	8
0	1	 311	49	14	0	0	0	0	1	5
2241	5	 99	26	16	0	0	0	0	0	5
1747	4	 268	36	12	0	1	1	0	1	3
2000	5	 192	39	13	0	0	1	1	0	6
2040	5	 430	34	10	0	1	1	0	1	4
1266	4	 407	41	14	1	0	1	0	1	2
0	1	 177	19	14	1	0	0	0	0	4
848	3	 129	39	11	0	1	1	0	0	9
2700	6	 200	27	15	0	0	0	0	1	9
0	1	 606	32	17	3	1	0	0	1	6
2217	5	 160	23	14	0	0	0	0	0	9
1456	4	 766	46	15	0	0	0	0	1	4
0	1	 70	47	8	0	0	0	0	1	8
1968	5	 2	28	10	2	1	0	0	0	7
88	2	 48	59	7	0	0	1	0	0	9
2250	5	 264	20	12	0	0	0	0	0	8
1280	4	 585	46	14	0	0	0	1	1	7
1960	5	 407	26	13	0	1	0	0	1	7
1566	4	 437	39	17	1	2	0	0	1	7
1494	4	 310	38	16	0	2	1	0	1	5
0	1	 530	54	15	0	0	0	0	1	8
1470	4	 320	28	13	0	0	0	0	0	7
1034	3	 413	35	16	2	0	0	0	1	3
0	1	 495	61	12	0	0	0	1	1	3
1666	4	 162	39	16	0	2	1	0	1	11
1768	5	 254	40	17	0	2	0	1	1	5
0	1	 220	21	11	2	0	1	0	1	8
1955	5	 284	49	12	0	0	0	0	1	5
2107	5	 355	30	15	0	1	0	0	0	6
1912	5	 370	36	14	1	1	0	1	1	5
1750	4	 215	22	12	0	0	0	0	1	7
0	1	 657	37	16	1	2	0	0	1	3
0	1	 280	31	15	2	0	0	0	0	3
1610	4	 383	55	12	0	0	0	0	1	3
650	2	 200	29	12	0	2	0	0	0	3
1112	3	 187	28	12	1	2	0	0	1	3
1384	4	 340	30	15	2	0	0	0	1	3
1184	3	 657	55	12	0	0	0	0	1	7
94	2	 353	30	12	0	2	0	0	1	7
2048	5	 291	41	16	0	1	0	0	1	4
0	1	 527	60	12	0	0	0	0	1	5
1960	5	 56	33	12	1	0	0	0	1	5
0	1	 315	30	12	0	2	0	0	1	5
0	1	 1063	50	16	0	0	1	0	1	2
1992	5	 366	52	12	0	0	1	0	1	2
1576	4	 48	24	13	0	0	0	0	0	4
2040	5	 250	31	14	0	0	0	0	0	3
2024	5	 113	19	12	0	0	0	0	0	4
1501	4	 321	39	17	0	2	0	0	1	3
708	2	 342	37	12	0	1	2	0	1	4
1800	5	 300	36	12	0	2	1	0	1	4
1832	5	 461	39	12	0	0	0	0	1	4
2430	6	 397	48	13	0	0	0	0	1	3
0	1	 320	30	12	3	0	0	0	1	5
2205	5	 437	37	12	0	1	1	0	0	5
0	1	 322	30	16	1	0	0	0	1	5
312	2	 570	52	12	0	1	0	0	1	5
1000	3	 575	44	13	0	0	0	0	1	3
1408	4	 410	41	12	0	0	0	0	1	4
2160	5	 380	37	12	0	0	0	0	1	6
0	1	 218	54	9	0	0	0	0	0	6
1911	5	 140	28	10	0	2	0	0	1	6
832	3	 69	32	11	0	1	1	0	1	6
2103	5	 277	35	13	0	2	0	0	1	6
1912	5	 348	34	14	0	1	1	0	1	6
0	1	 232	49	11	0	0	0	0	0	6
1556	4	 185	37	14	0	2	1	0	1	6
0	1	 106	38	12	2	0	0	0	1	2
0	1	 270	24	12	1	0	0	0	1	2
0	1	 91	25	12	1	0	0	0	0	7
3060	6	 162	27	13	0	0	0	0	0	3
2144	5	 290	27	11	1	1	1	0	1	3
1444	4	 108	26	12	1	0	0	0	1	12
1912	5	 338	39	12	0	3	2	0	1	9
1152	3	 320	54	8	2	2	1	1	1	1
363	2	 60	19	11	1	0	0	1	0	1
1831	5 	 217	38	12	0	2	0	0	0	11
820	3	 113	18	12	0	0	0	0	0	9
1928	5	 415	38	12	0	1	1	0	1	9
2450	6	 400	26	10	1	1	0	1	1	9
416	2	 459	45	16	1	1	0	0	1	9
600	2	 210	24	9	2	0	0	0	0	9
2352	6	 129	55	12	0	0	0	0	1	4
1430	4	 154	24	17	0	0	0	0	0	4
2340	6	 253	38	12	0	1	2	0	1	7
2050	5	 206	31	12	1	1	0	0	1	7
0	1	 192	34	12	1	0	0	0	1	7
0	1	 440	41	12	0	0	0	0	1	5
1960	5	 410	31	12	0	0	0	0	0	5
0	1	 601	56	14	0	0	0	0	0	5
1152	3	 526	27	16	0	0	0	0	1	4
576	2	 600	33	17	1	0	0	0	1	5
0	1	 890	37	14	1	3	0	0	1	7
1428	4	 600	34	16	2	0	0	0	1	6
1701	4	 320	39	12	0	2	1	0	1	2
30	2	 451	39	12	0	2	0	0	1	3
735	2	 618	53	12	0	0	0	0	1	5
1080	3	 110	32	14	0	2	0	0	0	5
390	2	 170	25	12	0	1	0	0	0	5
870	3	 247	31	16	2	0	0	0	1	7
1740	4	 242	37	16	0	2	0	0	1	7
1638	4	 289	27	16	0	0	0	0	0	10
1062	3	 113	35	17	1	1	0	0	1	5
416	2	 135	59	12	0	0	0	0	1	5
1734	4	 220	28	12	1	0	0	0	1	5
0	1	 262	25	12	1	0	0	0	1	5
0	1	 606	49	8	0	0	0	0	1	5
0	1	 45	29	7	1	3	0	0	0	5
60	2	 46	22	8	2	0	0	0	0	5
2000	5	 88	56	9	0	0	0	0	1	5
1656	4	 254	35	12	0	3	1	0	1	4
0	1	 49	29	12	2	0	0	0	0	5
2132	5	 238	31	12	0	3	0	0	1	5
2070	5	 164	36	8	0	2	3	1	1	10
2180	5	 253	20	10	1	0	0	1	0	7
1168	3	 49	25	12	2	1	0	1	0	10
0	1	 354	48	11	0	0	0	0	1	10
0	1	 1151	27	14	1	0	0	0	1	8
740	2	 230	21	13	0	0	0	0	0	11
0	1	 335	46	14	0	0	0	0	1	6
2076	5	 217	31	12	0	0	0	0	1	6
0	1	 369	55	10	0	0	0	0	1	11
600	2	 415	38	16	0	2	0	0	1	5
2000	5	 110	26	12	0	0	0	0	0	11
0	1	 486	58	12	0	0	0	0	1	11
0	1	 530	34	14	1	1	0	0	1	11
1944	5	 5	34	12	1	0	0	0	0	2
2020	5	 246	31	15	2	0	0	0	1	2
992	3	 861	39	15	0	1	2	0	1	2
2080	5	 412	40	16	0	1	1	0	1	2
1724	4	 198	31	12	0	0	1	0	1	2
0	1	 111	62	11	0	0	0	0	1	2
1960	5	 157	26	12	2	0	0	0	1	2
1480	4	 213	29	12	2	0	0	0	1	2
0	1	 180	28	12	1	1	0	0	1	2
1000	3	 440	47	8	0	0	0	0	1	2
357	2	 294	54	16	0	0	1	0	1	2
0	1	 290	57	11	0	0	0	0	1	6
1960	5	 284	27	13	0	0	0	0	1	6
2000	5	 590	33	12	0	0	0	0	1	8
344	2	 383	35	12	0	2	0	0	1	8
1372	4	 485	36	12	0	0	1	0	1	6
0	1	 750	38	16	0	1	1	0	1	8
1575	4	 453	62	12	0	0	0	0	1	5
1829	5	 176	36	16	0	0	0	0	0	4
940	3	 277	59	12	0	0	0	0	0	4
1801	5	 635	55	12	0	0	0	0	1	5
36	2	 94	33	11	0	0	1	1	0	6
0	1	 45	55	9	0	0	0	0	1	5
860	3	 311	25	12	0	1	0	0	0	6
2405	6	 280	44	17	0	0	0	0	1	5
2061	5	 330	23	16	0	0	0	0	0	6
1095	3	 370	29	14	0	0	0	0	0	4
0	1	 363	27	12	2	0	0	0	0	5
1608	4	 109	56	12	0	0	0	0	1	2
312	2	 302	37	16	1	1	0	0	1	7
1992	5	 280	36	15	0	2	1	1	1	6
2496	6	 490	31	12	1	1	0	1	1	3
0	1	 394	47	14	0	0	0	1	1	5
0	1	 780	42	16	0	3	0	0	1	4
1280	4	 127	30	16	1	1	0	0	1	6
2000	5	 285	37	12	1	1	2	0	1	5
0	1	 544	51	12	0	0	0	0	1	6
2160	5	 346	24	16	0	0	0	0	1	6
2142	5	 327	27	16	0	0	0	0	1	5
0	1	 393	59	12	0	0	0	0	1	4
1760	5	 284	29	12	1	0	0	0	1	7
0	1	 214	61	12	0	0	0	0	1	7
1410	4	 289	57	16	0	0	0	0	1	5
2315	6	 464	28	16	0	0	0	0	1	5
1984	5	 204	30	14	0	0	1	0	1	6
1845	5	 189	28	13	0	0	0	0	1	6
1428	4	 187	25	12	0	0	0	0	0	6
1075	3	 441	46	13	0	0	1	0	1	6
1214	3	 315	25	12	2	0	0	0	1	10
1480	4	 285	37	13	0	0	2	0	1	8
1840	5	 50	51	12	0	0	0	0	1	3
1936	5	 382	39	13	0	0	1	0	1	3
1453	4	 240	40	16	0	2	0	0	0	2
1435	4	 123	38	17	1	1	0	0	1	3
2000	5	 236	64	12	0	0	0	0	1	2
1813	5	 272	28	16	1	0	0	0	1	2
1857	5	 300	37	17	0	0	0	0	1	2
0	1	 200	34	14	1	0	0	0	1	3
0	1	 1116	38	17	1	1	0	0	1	5
0	1	 334	32	17	1	1	0	0	1	3
2000	5	 300	31	14	1	1	0	0	1	5
0	1	 136	59	5	0	0	0	0	1	5
1850	5	 545	37	17	0	2	1	0	1	3
0	1	 380	37	17	0	2	0	0	0	3
1836	5	 58	24	16	0	0	0	0	0	6
2115	5	 769	46	17	0	0	1	0	1	3
1000	3	 815	29	15	1	0	0	0	1	4
151	2	 630	32	13	1	1	0	0	1	4
949	3	 1830	54	12	0	0	0	0	1	4
1141	3	 320	34	17	0	2	0	0	1	3
1468	4	 670	34	16	1	1	0	0	1	5
0	1	 401	27	13	1	0	0	0	1	6
1561	4	 485	42	12	0	0	1	0	1	7
2060	5	 165	21	12	2	0	0	0	1	7
1764	5	 97	59	12	0	0	0	0	1	7
2040	5	 65	63	8	0	0	0	0	1	7
1902	5	 351	25	16	2	0	0	0	1	3
1828	5	 150	23	12	2	0	0	0	1	8
1440	4	 560	55	17	0	0	0	0	1	8
0	1	 518	32	16	1	2	0	0	1	3
3000	6	 60	57	12	0	0	0	0	0	5
768	3	 590	45	14	0	0	1	0	1	2
0	1	 130	32	12	0	2	0	0	0	3
1816	5	 395	57	14	0	0	0	1	1	4
2080	5	 240	27	13	1	0	0	1	0	4
2120	5	 218	46	16	0	0	0	0	1	7
2073	5	 437	56	13	0	0	3	0	1	9
2562	6	 236	25	12	0	0	0	0	0	8
1853	5	 380	42	13	0	1	0	0	1	6
1825	5	 309	43	12	0	0	0	0	1	6
1080	3	 670	42	12	0	0	1	0	1	8
2016	5	 200	25	12	1	1	0	0	1	3
1115	3	 120	27	12	1	2	0	0	1	5
1696	4	 304	34	11	0	1	2	0	1	3
0	1	 300	30	12	2	1	0	0	1	3
2362	6	 190	27	10	0	3	0	0	1	3
704	2	 226	27	12	2	0	0	0	1	3
348	2	 2340	58	17	0	0	0	0	1	2
0	1	 251	58	17	0	0	0	0	1	6
0	1	 215	30	13	1	1	0	0	0	5
0	1	 127	61	10	0	0	0	0	1	5
1576	4	 369	46	11	0	0	0	0	1	4
2221	5	 184	25	12	0	0	0	0	1	4
432	2	 200	24	12	1	0	0	0	0	9
2205	5	 391	25	14	0	0	0	0	1	9
1733	4	 225	37	12	2	1	1	0	1	5
0	1	 298	31	14	1	1	0	0	0	5
2085	5	 430	56	17	0	0	0	0	1	6
1780	5	 261	36	16	0	2	0	0	1	6
0	1	 427	55	12	0	0	0	0	1	6
0	1	 752	34	15	0	2	0	0	1	3
0	1	 102	41	5	0	0	0	0	1	11
2281	6	 137	24	12	1	0	0	0	1	8
300	2	 800	45	13	0	1	0	0	1	2
160	2	 366	35	12	2	0	0	0	1	4
396	2	 131	32	12	1	2	0	0	0	4
478	2	 470	36	17	2	1	0	0	1	2
0	1	 912	40	17	0	1	0	0	1	3
0	1	 162	45	10	0	3	1	0	0	10
1512	4	 110	22	12	3	0	0	0	0	10
1560	4	 220	39	17	0	0	1	0	1	7
494	2	 2099	37	16	2	1	0	0	1	7
0	1	 267	34	9	0	1	1	0	1	7
5	2	 114	19	9	1	0	0	0	0	7
1594	4	 91	24	16	0	0	0	0	0	5
205	2	 660	57	16	0	0	0	0	1	7
1378	4	 230	30	12	1	0	0	0	1	7
1624	4	 290	35	17	2	1	0	0	1	6
1149	3	 270	22	11	1	0	0	0	0	7
0	1	 446	29	16	0	0	0	0	1	7
0	1	 307	24	11	2	0	0	0	0	7
1816	5	 720	32	13	1	0	0	0	1	7
2160	5	 46	29	16	0	0	0	0	1	7
0	1	 405	38	12	0	1	0	0	1	5
0	1	 564	63	12	0	0	0	0	1	5
1935	5	 308	49	12	0	0	0	0	1	5
425	2	 280	38	12	0	1	1	0	1	5
1717	4	 188	24	12	0	0	0	0	0	4
1400	4	 90	23	12	0	0	0	0	0	8
1715	4	 215	23	13	2	0	0	1	1	3
1048	3	 290	33	16	2	1	0	1	0	3
0	1	 420	52	11	0	0	2	1	0	3
1764	5	 230	24	13	0	1	0	1	0	3
0	1	 351	47	11	0	0	0	0	1	10
0	1	 71	24	12	1	0	0	0	0	10
0	1	 232	63	12	0	0	0	0	1	11
42	2	 500	36	13	0	1	0	0	1	11
0	1	 625	38	17	1	1	0	0	1	6
962	3	 280	38	12	0	1	0	0	1	6
1890	5	 300	26	16	0	0	0	0	0	3
1923	5	 412	28	12	1	0	0	0	1	6
1023	3	 609	54	16	0	0	0	0	1	3
2080	5	 309	26	14	0	0	0	0	1	6
1750	4	 255	38	14	1	0	1	0	1	6
0	1	 336	41	16	0	3	2	0	1	5
0	1	 172	56	15	0	0	0	0	1	4
0	1	 840	59	17	0	0	0	1	1	4
1388	4	 325	35	16	0	2	2	1	1	5
2310	6	 91	24	14	0	0	0	1	0	7
0	1	 207	60	12	0	0	0	0	1	5
725	2	 345	34	16	3	0	0	0	1	5
290	2	 221	31	12	2	1	0	0	1	5
1584	4	 326	42	15	0	0	0	1	1	6
1848	5	 122	27	12	1	0	0	0	0	8
0	1	 520	39	17	1	2	0	0	1	7
0	1	 355	58	11	0	0	0	0	1	7
0	1	 281	35	12	0	2	0	0	1	7
0	1	 277	37	11	0	0	2	0	1	7
1972	5	 101	27	12	1	0	0	0	1	4
1586	4	 69	61	12	0	0	0	0	1	4
1702	4	 122	27	12	2	0	0	0	1	4
2040	5	 135	24	12	0	0	0	0	0	8
0	1	 380	51	12	0	0	0	0	1	5
520	2	 220	33	13	1	2	0	0	1	2
1553	4	 200	44	12	0	0	0	0	1	2
0	1	 332	23	12	1	0	0	0	1	2
988	3	 203	43	14	0	0	0	0	0	7
1319	4	 124	21	12	1	0	0	0	0	9
854	3	 327	42	12	0	0	0	0	1	9
1660	4	 189	23	12	0	0	0	0	1	9
1840	5	 172	21	12	0	0	0	0	0	7
2480	6	 366	40	12	0	0	2	0	1	7
1470	4	 354	41	13	0	2	0	0	1	8
0	1	 255	39	10	0	0	1	0	1	8
2379	6	 586	46	16	0	0	1	0	1	6
1944	5	 462	30	12	0	0	0	0	1	6
0	1	 313	62	17	0	0	0	0	1	6
0	1	 616	38	17	1	1	0	0	1	7
552	2	 713	41	17	0	1	0	0	1	5
2250	5	 2700	36	17	0	0	0	0	1	6
1388	4	 584	41	12	0	1	0	0	1	9
0	1	 836	49	16	0	0	0	0	1	4
2560	6	 292	25	16	1	0	0	0	0	5
2420	6	 455	36	16	2	0	0	0	1	5
1242	3	 368	30	16	2	0	0	0	1	4
1528	4	 800	41	17	1	0	0	0	1	2
2480	6	 0	26	16	0	0	0	0	0	5
2080	5	 210	33	12	0	0	0	0	0	5
1960	5	 142	35	16	2	0	0	0	1	4
2400	6	 458	39	12	0	0	1	0	1	4
2000	5	 260	48	13	0	0	0	0	0	3
2074	5	 249	33	16	0	2	0	0	1	4
1175	3	 308	54	11	0	0	0	0	1	5
1996	5	 335	34	16	0	0	0	0	1	3
1953	5	 96	48	14	0	0	0	0	1	3
1992	5	 456	49	12	0	0	0	0	1	3
0	1	 604	34	14	2	0	0	0	1	7
0	1	 334	32	12	2	2	0	0	1	7
0	1	 360	32	12	2	1	0	0	1	7
0	1	 897	55	13	0	0	1	0	1	7
2160	5	 668	28	15	0	0	0	0	1	6
2214	5	 218	51	14	0	0	0	0	1	6
1968	5	 284	24	13	2	0	0	0	0	9
2000	5	 312	28	16	1	0	0	0	1	3
2000	5	 260	26	14	1	0	0	0	1	5
2805	6	 223	27	12	0	0	0	0	1	5
1750	4	 456	27	14	1	0	0	0	1	3
0	1	 500	47	12	0	1	0	0	1	3
1292	4	 677	50	17	0	0	0	0	1	3
0	1	 104	38	11	1	0	1	0	0	3
384	2	 1456	52	12	0	0	0	0	1	6
1440	4	 346	38	16	0	1	2	0	1	9
1744	4	 253	29	16	1	0	0	0	1	4
0	1	 248	63	10	0	0	0	0	1	5
1245	3	 427	38	12	0	0	2	0	1	5
990	3	 224	35	12	0	1	0	0	1	5
780	3	 150	33	12	1	2	1	0	1	5
1826	5	 285	58	12	0	0	0	0	1	5
2080	5	 50	47	11	0	0	0	1	1	5
2000	5	 144	25	12	1	0	0	1	1	5
2000	5	 170	30	12	1	1	0	1	1	5
0	1	 395	58	10	0	0	0	1	1	5
192	2	 211	35	12	0	2	0	1	0	6
1992	5	 70	31	12	1	1	0	1	1	5
1192	3	 500	25	11	0	1	0	1	0	5
2000	5	 327	46	11	0	0	1	1	1	5
1944	5	 337	38	16	2	1	1	0	1	6
2464	6	 328	31	17	1	1	0	0	1	6
96	2	 405	32	16	1	1	0	0	1	5
1480	4	 350	56	12	0	0	0	0	1	6
0	1	 703	37	16	0	2	0	0	1	4
792	3	 436	47	12	0	1	2	0	1	5
0	1	 988	56	12	0	0	0	0	1	5
1316	4	 283	28	17	0	0	0	0	1	6
0	1	 376	34	13	2	0	0	0	1	5
432	2	 433	32	12	2	0	0	0	1	5
1715	4	 1138	51	12	0	0	0	0	1	3
0	1	 84	63	12	0	0	0	0	0	5
1680	4	 364	29	16	0	0	0	0	1	5
1176	3	 643	54	12	0	0	0	0	1	3
2000	5	 262	64	12	0	0	0	0	1	10
0	1	 740	39	12	0	2	0	0	1	2
2461	6	 130	31	12	0	1	0	0	1	10
2000	5	 301	53	12	0	0	0	0	1	10
1999	5	 200	25	12	0	0	0	0	0	10
2012	5	 264	23	14	0	0	0	0	1	6
1710	4	 303	29	13	1	0	0	0	1	6
1960	5	 612	55	13	1	0	0	0	1	6
1954	5	 310	32	15	1	1	0	0	1	6
1335	4	 393	35	12	1	3	0	0	1	6
1984	5	 695	43	17	0	0	0	0	1	11
1950	5	 356	41	12	0	0	1	0	1	4
750	2	 329	23	16	1	0	0	0	1	4
0	1	 1231	39	12	2	0	2	0	1	7
1900	5	 251	31	14	0	0	0	0	1	5
0	1	 680	61	15	0	0	0	0	1	7
0	1	 410	26	12	2	0	0	0	1	3
1100	3	 584	46	11	0	0	0	0	1	3
0	1	 7220	56	16	0	0	0	0	1	2
2101	5	 510	35	17	0	0	0	0	1	2
0	1	 539	25	16	1	0	0	0	1	2
2750	6	 238	28	16	0	0	0	0	0	7
1638	4	 623	35	16	1	1	0	0	1	6
0	1	 390	60	12	0	0	0	0	1	8
1920	5	 365	35	12	0	1	0	0	1	8
1216	3	 190	62	12	0	0	0	0	1	8
2295	6	 260	37	10	0	1	0	0	1	4
1984	5	 253	36	12	0	1	2	0	1	7
2250	5	 191	26	15	0	0	0	0	0	5
1600	4	 749	43	17	0	0	1	0	1	5
1567	4	 221	40	10	1	0	0	0	0	8
0	1	 690	36	12	0	1	2	0	1	5
1512	4	 138	28	16	1	0	0	0	1	4
0	1	 150	48	6	0	0	0	0	1	4
1248	3	 253	39	12	0	4	0	0	1	4
520	2	 635	40	12	0	0	1	0	1	1
0	1	 650	59	12	0	0	0	0	1	5
1977	5	 407	34	17	0	0	0	0	1	3
1080	3	 395	23	15	0	0	0	0	1	9
0	1	 531	31	16	1	1	0	0	1	2
2500	6	 288	25	17	0	0	0	0	1	3
274	2	 630	33	17	2	0	0	0	1	3
1191	3	 280	28	14	2	0	0	0	1	3
0	1	 1192	64	14	0	0	0	0	1	3
0	1	 400	44	14	0	0	0	0	1	4
1720	4	 250	34	15	1	1	0	0	1	4
0	1	 570	59	9	0	0	0	0	1	9
0	1	 35	47	10	0	0	0	1	0	9
120	2	 250	63	10	0	0	0	1	1	9
0	1	 250	54	10	0	0	0	1	1	7
2986	6	 35	29	16	0	0	0	0	0	12
0	1	 130	25	11	1	1	0	0	0	6
0	1	 382	54	12	0	0	0	0	1	6
2429	6	 250	31	12	0	1	0	0	1	4
0	1	 360	31	13	1	1	0	0	1	6
1804	5	 157	23	12	2	0	0	0	1	2
1462	4	 59	21	12	0	0	0	0	1	2
1830	5	 337	36	13	0	0	2	0	1	4
689	2	 242	40	10	0	2	0	0	1	4
2352	6	 100	22	12	1	0	0	0	0	6
2040	5	 150	29	11	1	1	0	0	1	5
922	3	 121	20	11	2	0	0	0	0	11
0	1	 149	42	9	1	1	1	0	1	11
2227	5	 152	31	13	1	1	0	0	1	7
0	1	 287	33	10	0	1	1	0	0	8
0	1	 102	57	8	0	0	1	0	1	4
0	1	 275	31	14	3	0	0	0	0	4
0	1	 298	34	10	0	2	1	0	0	4
2000	5	 209	25	12	0	0	0	0	1	5
1848	5	 193	25	9	0	0	0	0	0	4
1560	4	 200	26	12	2	0	0	0	1	4
0	1	 55	31	6	0	2	0	0	0	4
113	2	 287	29	12	1	2	0	0	1	9
2352	6	 140	27	12	1	1	0	0	1	4
50	2	 189	52	11	0	0	0	0	1	4
704	2	 441	31	12	0	2	0	0	1	4
2092	5 	 193	28	12	1	1	0	0	0	4
2134	5	 154	33	11	1	2	1	0	0	3
2050	5	 341	35	14	0	0	1	0	1	5
2130	5 	 162	23	12	1	0	0	0	0	4
0	1	 388	38	16	0	0	1	0	1	8
1568	4	 333	37	10	0	0	1	0	1	11
1166	3	 76	21	12	1	0	0	0	0	11
0	1	 115	22	12	1	0	0	0	0	5
2080	5	 160	29	12	0	1	0	0	1	5
2166	5	 180	29	13	0	1	0	0	1	7
761	3	 292	29	12	0	3	0	0	1	7
1828	5	 154	35	10	1	2	1	1	0	4
1883	5	 273	43	9	0	0	0	0	0	4
0	1	 342	25	12	2	0	0	0	1	3
95	2	 370	36	16	1	3	0	0	0	3
0	1	 200	32	16	0	0	0	0	0	5
0	1	 434	64	15	0	0	0	0	1	4
925	3	 537	30	16	0	0	0	0	1	5
0	1	 245	26	12	2	1	0	0	0	9
1008	3	 140	24	12	2	0	0	0	1	9
1344	4	 558	42	9	0	0	0	0	1	9
240	2	 355	40	17	0	2	0	0	1	3
258	2	 240	32	12	2	1	0	0	1	8
0	1	 781	45	16	0	0	0	0	1	6
2484	6	 115	43	17	0	2	0	0	1	8
1771	5	 581	42	12	0	0	2	0	1	3
0	1	 70	48	12	0	0	0	0	1	6
2065	5	 41	23	13	0	0	0	0	0	5
330	2	 343	57	12	0	0	0	0	0	2
2072	5	 163	33	10	0	2	2	0	1	4
0	1	 84	27	11	1	1	0	0	0	6
0	1	 130	31	13	0	2	0	0	0	6
184	2	 430	24	13	0	0	0	0	0	9
1480	4 	 266	26	16	2	0	0	0	1	7
0	1	 432	48	10	0	0	0	0	1	9
0	1	 310	50	11	0	0	0	0	1	11
0	1	 311	26	12	0	2	0	0	1	4
2000	5	 160	31	9	1	1	0	0	0	5
2035	5	 80	57	9	0	0	1	0	1	5
424	2	 485	39	13	0	3	0	0	1	5
1947	5	 144	34	12	0	2	0	0	1	5
1905	5	 119	58	9	0	0	0	0	1	5
0	1	 580	37	11	0	1	0	0	1	11
0	1	 106	54	12	0	0	0	0	1	11
960	3	 380	33	13	2	0	0	0	1	11
1632	4	 293	45	12	0	0	1	0	1	6
190	2	 592	45	14	0	0	0	0	1	6
94	2	 214	23	14	1	0	0	0	0	4
570	2	 815	44	16	2	1	1	0	1	5
1960	5	 345	33	12	0	1	0	0	1	6
1875	5	 185	54	12	0	0	0	0	0	6
2224	5	 155	26	11	0	0	0	0	0	6
0	1	 135	54	12	0	0	0	1	1	4
1896	5	 319	41	17	0	0	1	0	1	6
175	2	 299	40	15	0	0	0	0	1	4
2000	5	 66	40	12	0	2	0	0	1	3
1755	5	 310	41	17	1	0	0	0	1	3
0	1	 3136	36	16	1	2	0	0	1	5
588	2	 1028	61	17	0	0	0	0	1	3
1250	3	 346	38	9	0	1	1	0	1	3
2040	5	 153	28	9	0	2	0	0	1	4
1040	3	 94	26	12	1	0	0	0	0	4
0	1	 122	26	12	3	1	0	0	1	4
2080	5	 215	26	8	1	1	0	0	1	4
0	1	 320	45	12	0	0	1	0	1	5
1512	4	 130	23	12	2	1	0	0	1	3
2250	5	 121	23	14	3	0	0	0	0	6
1920	5	 60	53	11	0	0	0	0	1	4
569	2	 250	22	14	1	0	0	0	0	5
1976	5	 320	40	14	0	1	1	0	1	6
2108	5	 231	31	14	1	1	0	0	1	7
0	1	 384	50	8	0	0	0	0	1	5
1989	5	 287	26	12	1	0	0	0	1	5
0	1	 378	54	12	0	0	0	1	1	5
1144	3	 170	26	16	1	0	0	1	1	5
0	1	 360	55	8	0	0	0	0	1	5
2040	5	 160	36	12	0	2	1	0	1	5
2030	5	 125	23	12	1	0	0	0	1	6
0	1	 131	19	11	0	0	0	0	0	5
1048	3	 35	51	12	0	0	1	1	1	5
1216	3	 0	21	15	1	0	0	0	0	5
0	1	 413	41	12	0	1	0	0	1	4
1628	4	 164	24	11	3	1	0	0	0	9
2084	5 	 340	36	12	0	0	0	1	0	7
1838	5 	 1152	47	17	0	0	0	0	1	3
1944	5	 265	60	7	3	0	0	0	1	6
2000	5	 426	33	12	0	0	0	0	1	6
0	1	 290	36	15	1	2	0	0	1	3
955	3	 301	32	12	1	3	0	0	1	6
0	1	 573	60	12	0	0	0	0	1	3
1468	4	 194	33	9	0	1	1	1	0	6
0	1	 338	35	11	3	1	1	0	0	6
0	1	 301	30	12	0	1	0	0	0	6
2100	5	 324	31	14	0	2	0	0	1	6
2000	5	 192	28	13	0	0	0	0	1	6
2060	5	 270	26	14	1	1	0	0	1	1
0	1	 562	35	10	2	1	1	1	0	1
1736	4	 528	40	12	0	0	2	0	0	5
0	1	 511	38	8	0	1	1	0	1	10
1715	4	 80	19	11	0	0	0	0	0	11
696	2	 127	20	10	2	0	0	0	0	11
1505	4	 320	29	14	0	2	0	0	1	5
2184	5	 300	48	10	0	1	1	0	1	6
120	2	 288	42	12	0	0	0	0	1	6
2450	6	 236	33	14	1	1	0	0	1	5
3380	6	 293	35	16	2	0	0	0	1	5
2094	5	 369	37	16	0	1	0	0	1	4
1989	5	 302	59	10	0	0	0	0	1	3
1546	4	 383	31	16	0	0	0	0	1	4
0	1	 380	33	13	1	2	0	0	1	4
698	2	 320	23	12	1	0	0	0	1	3
906	3	 323	27	14	1	0	0	0	1	3
2059	5	 210	25	14	0	0	0	0	1	6
990	3	 267	51	11	0	0	0	0	1	6
1084	3	 460	32	12	0	2	0	0	1	5
0	1	 231	25	14	2	0	0	0	1	6
2551	6	 174	51	17	0	1	1	0	1	8
1408	4	 355	37	17	0	0	0	0	1	8
1930	5	 293	29	13	0	0	0	0	1	7
1434	4	 563	34	17	2	0	0	0	1	5
816	3	 345	34	17	1	0	0	0	0	5
2000	5	 280	39	12	0	0	2	0	1	6
0	1	 254	64	7	0	0	0	0	1	7
0	1	 139	60	16	0	0	0	0	1	5
0	1	 315	32	17	2	0	0	0	0	10
1984	5	 467	37	16	2	0	0	0	1	6
216	2	 503	33	15	2	1	0	0	0	9
0	1	 800	40	16	1	1	0	0	1	6
1960	5	 330	38	14	0	1	0	0	1	2
2013	5	 486	44	17	0	1	0	0	1	8
528	2	 340	26	12	2	0	0	0	0	11
2295	6	 136	36	12	0	2	0	0	1	7
0	1	 522	35	10	0	2	0	0	0	6
2000	5	 135	23	12	0	0	0	0	0	6
864	3	 120	31	12	2	1	0	0	1	6
1680	4	 244	36	14	0	0	2	0	0	6
2100	5	 242	60	0	0	0	0	0	1	6
768	3	 108	18	12	1	0	0	0	0	6
1912	5	 235	27	12	1	1	0	0	1	4
640	2	 233	29	12	2	0	0	0	0	3
1896	5	 135	28	12	0	0	0	0	1	3
1699	4	 157	29	11	1	0	0	0	1	4
2130	5	 330	36	14	0	1	1	0	1	3
975	3	 117	59	9	0	0	0	0	1	4
1750	4	 552	32	12	0	0	0	0	1	4
0	1	 132	64	13	0	0	0	0	1	5
2500	6	 204	33	17	0	0	0	0	1	6
294	2	 324	40	13	0	0	0	1	1	4
2184	5	 180	20	12	0	0	0	1	0	4
2080	5	 214	55	12	0	0	0	0	0	3
808	3	 445	49	12	0	0	1	0	1	4
2040	5	 130	24	16	0	0	0	0	0	6
1440	4	 151	29	16	1	0	0	0	1	6
2000	5	 230	24	12	0	0	0	0	1	6
0	1	 276	62	9	0	0	0	0	1	8
0	1	 343	48	12	0	0	1	0	1	7
1920	5	 114	27	12	0	1	0	0	1	8
0	1	 537	55	12	0	0	0	0	1	8
1918	5	 411	27	12	0	0	0	0	0	6
2048	5	 434	46	14	0	0	0	0	1	9
0	1	 342	33	12	0	3	0	0	1	9
0	1	 349	47	12	0	0	1	0	1	6
156	2	 287	26	12	2	0	0	0	1	6
1044	3	 212	29	14	0	0	0	1	0	6
0	1	 31	64	11	0	0	0	1	0	6
0	1	 380	26	14	1	0	0	0	1	8
1786	5	 150	28	14	1	0	0	0	1	8
0	1	 430	63	11	0	0	0	0	1	7
0	1	 275	46	14	0	0	0	0	1	9
1463	4	 300	31	12	1	0	1	0	1	9
2098	5	 404	29	12	1	1	0	0	1	9
0	1	 285	28	16	3	0	0	0	1	3
2070	5	 340	32	16	0	2	0	0	1	3
1813	5	 460	34	12	1	1	0	0	1	3
2000	5	 146	26	13	1	0	0	0	1	5
0	1	 770	61	12	0	0	0	0	1	3
416	2	 250	28	14	2	0	0	0	1	3
1012	3	 250	35	17	2	0	0	0	0	7
2160	5	 192	25	16	0	0	0	0	1	5
2356	6	 420	46	14	0	0	0	0	1	3
2020	5	 318	32	12	0	0	0	0	1	6
1150	3	 353	39	16	0	2	0	0	1	6
0	1	 713	41	12	0	2	0	0	1	5
1024	3	 110	34	12	0	2	0	0	1	6
0	1	 440	56	12	0	0	0	0	1	6
2080	5	 160	27	12	0	1	0	0	1	6
0	1	 630	54	10	0	0	0	0	1	7
1208	3	 333	23	12	0	0	0	0	0	3
1785	5	 382	43	12	0	1	1	0	1	8
2032	5	 432	33	14	0	1	1	0	1	3
1285	4	 385	26	17	0	0	0	0	1	3
700	2	 1250	52	17	0	0	0	0	1	3
1928	5	 216	46	12	0	0	0	1	0	4
952	3	 562	23	12	1	0	0	0	0	4
1808	5	 832	48	12	0	0	0	0	1	3
1042	3	 853	52	14	0	0	0	0	1	3
140	2	 310	38	17	2	0	0	0	1	4
0	1	 1480	42	16	1	1	1	0	1	2
0	1	 399	37	12	0	1	1	0	1	7
1512	4	 121	34	16	0	0	1	0	1	3
0	1	 290	58	12	0	0	0	0	1	3
1856	5	 250	33	12	1	1	0	0	0	3
234	2	 355	42	12	0	0	1	0	0	4
2224	5	 350	29	16	0	0	0	0	1	3
2000	5	 472	35	12	1	0	1	0	1	3
0	1	 437	63	11	0	0	0	0	1	4
1736	4	 915	42	17	0	0	0	0	1	4
1960	5	 264	35	13	0	1	1	0	1	4
1328	4	 26	23	12	0	0	0	0	0	6
1043	3	 326	46	12	0	0	0	0	0	7
0	1	 671	34	12	0	1	0	0	0	7
1920	5	 125	27	12	1	0	0	0	0	7
0	1	 184	22	13	1	0	0	0	0	7
1755	5	 766	39	16	0	0	0	0	1	8
2040	5	 303	39	14	0	1	0	0	1	10
1488	4	 450	41	16	0	0	2	0	1	6
2210	5	 89	38	17	0	1	0	0	1	6
582	2	 450	64	12	0	0	0	0	1	4
104	2	 440	27	17	2	0	0	0	1	4
0	1	 307	44	13	0	0	0	0	1	5
1820	5	 102	27	12	0	0	0	0	1	4
400	2	 193	63	8	0	0	0	0	1	4
2008	5	 120	38	9	0	0	1	0	1	4
0	1	 43	63	2	0	0	0	1	1	1
1695	4	 226	53	12	0	0	0	0	1	1
1856	5	 230	23	13	0	0	0	0	0	4
1920	5	 282	32	12	0	0	0	0	1	4
904	3	 297	36	12	0	2	0	0	1	6
45	2	 400	29	14	2	1	0	1	1	11
0	1	 735	56	10	0	0	0	1	1	11
1610	4	 275	35	12	0	1	0	0	1	6
1422	4	 2030	45	12	0	2	0	0	1	6
1624	4	 439	31	12	0	2	0	0	1	3
1080	3	 341	58	12	0	0	0	0	1	5
1248	3	 285	31	10	0	2	1	0	1	5
0	1	 97	56	10	0	0	0	1	0	5
1104	3	 320	47	10	0	0	0	0	1	4
1776	5	 278	29	11	0	1	0	0	1	4
1504	4	 345	41	12	0	0	1	0	1	4
1582	4	 70	20	14	0	0	0	0	0	8
0	1	 416	22	12	2	0	0	0	0	4
1932	5	 416	46	12	0	0	0	0	1	4
0	1	 690	34	17	0	0	0	0	0	6
2470	6	 335	53	12	0	0	0	0	1	4
2165	5	 190	24	12	0	0	0	0	0	5
1330	4	 580	59	17	0	0	0	0	1	5
1682	4	 225	34	16	1	1	0	0	0	5
2364	6	 363	42	10	0	0	1	0	1	6
320	2	 96	25	12	2	0	0	0	0	6
1938	5	 230	27	12	1	0	0	0	1	3
1920	5	 588	43	12	0	0	1	0	1	2
684	2	 360	33	16	1	0	0	0	1	6
980	3	 440	40	15	0	0	0	0	0	5
1880	5	 454	38	12	0	1	0	0	1	5
69	2	 512	30	16	2	0	0	0	1	4
0	1	 784	34	16	2	0	0	0	1	5
0	1	 685	35	16	2	0	0	0	1	5
0	1	 595	64	14	0	0	0	0	1	5
1837	5	 111	26	10	2	2	0	0	0	6
1362	4	 140	48	10	0	0	1	0	1	6
614	2	 226	29	12	1	1	0	0	0	11
195	2	 115	24	10	1	1	0	0	0	6
765	3	 221	56	8	0	0	0	0	1	5
1333	4	 135	45	12	0	0	1	0	1	10
1872	5	 310	22	12	1	0	0	0	1	9
1528	4	 168	45	12	0	1	0	0	1	9
1940	5	 800	40	16	0	2	0	0	1	4
1968	5	 530	57	12	0	0	0	0	1	4
176	2	 250	39	16	0	1	1	0	1	5
298	2	 280	31	16	1	0	0	0	0	5
984	3	 260	40	13	0	3	1	0	1	6
1704	4	 247	55	12	0	0	0	0	1	5
1650	4	 405	29	17	0	0	0	0	1	4
1960	5	 60	40	10	0	0	0	0	1	5
176	2	 274	51	11	0	0	0	0	1	5
2346	6	 232	24	12	1	0	0	0	1	5
0	1	 141	20	12	1	0	0	0	1	5
0	1	 460	38	12	0	1	1	0	1	6
1936	5	 262	50	12	0	0	0	0	1	7
2199	5	 101	25	17	0	0	0	0	0	7
160	2	 300	26	12	2	0	0	0	0	3
1870	5	 212	28	12	1	2	0	0	1	3
1030	3	 500	58	12	0	0	0	0	1	3
0	1	 370	28	12	1	1	0	0	1	9
1750	4	 225	61	10	0	0	0	0	0	5
2040	5	 340	35	12	0	2	1	0	1	5
1924	5	 257	26	16	0	0	0	0	0	5
2008	5	 166	23	14	1	0	0	0	1	9
2550	6	 178	53	8	0	0	0	0	1	5
1025	3	 1500	46	12	0	1	0	0	1	9
0	1	 239	58	12	0	0	0	0	1	8
2008	5	 440	40	16	1	1	0	0	1	5
625	2	 433	39	10	0	0	1	0	1	5
1040	3	 7	36	12	0	0	0	0	1	2
1383	4	 156	39	12	0	0	1	0	1	2
1747	4	 262	57	12	0	0	0	0	1	5
1913	5	 234	25	16	0	0	0	0	1	5
1928	5	 270	24	14	1	0	0	0	1	5
1908	5	 650	48	13	0	0	0	0	1	5
1940	5	 460	38	14	0	0	0	0	1	6
0	1	 455	45	12	0	0	1	0	0	2
0	1	 111	62	6	0	0	0	0	0	5
0	1	 371	35	16	0	2	0	0	1	6
0	1	 159	24	10	1	2	0	0	1	7
0	1	 185	23	12	2	0	0	0	1	7
1960	5	 270	46	12	0	0	0	0	1	7
1326	4	 92	46	10	0	0	0	0	1	7
864	3	 188	46	11	0	1	0	0	1	7
0	1	 160	39	14	1	0	0	0	1	4
1057	3	 252	29	12	1	1	0	0	1	5
3483	6	 58	26	17	0	0	0	0	1	3
2000	5	 115	46	12	0	0	0	1	1	8
1837	5	 731	52	12	0	0	0	0	1	3
2342	6	 157	60	8	0	0	0	0	1	5
0	1	 372	28	14	1	1	0	0	0	5
0	1	 121	23	12	1	0	0	0	1	5
314	2	 680	53	12	0	0	1	0	1	3
1248	3	 359	57	16	0	0	0	0	1	3
2000	5	 188	29	13	1	0	0	0	1	2
0	1	 364	40	17	2	1	0	0	1	7
2016	5	 170	21	12	0	0	0	0	0	7
2214	5	 230	25	12	0	0	0	0	1	5
1090	3	 550	35	12	0	1	1	0	1	3
0	1	 141	58	8	0	0	0	0	1	2
1288	4	 178	50	12	0	0	0	0	1	4
1203	3	 362	25	16	0	0	0	0	1	7
2500	6	 700	27	13	0	0	0	0	0	2
2080	5	 136	23	12	0	0	0	0	0	4
2373	6 	 181	33	17	1	1	0	0	1	8
1736	4	 530	43	12	0	2	0	0	0	5
0	1	 765	39	17	1	3	0	0	1	3
2232	5	 496	59	12	0	0	0	0	1	6
1736	4	 357	40	12	0	0	0	0	1	4
2000	5	 273	35	12	0	2	0	0	1	5
1756	5	 186	33	15	1	0	0	0	1	4
1237	3	 230	31	16	3	0	0	0	1	11
1717	4	 157	34	15	0	0	0	0	1	5
168	2	 188	36	11	0	3	1	0	0	5
0	1	 103	25	12	1	1	0	0	0	8
1657	4	 99	50	12	0	0	0	0	1	8
522	2	 175	30	12	0	1	0	0	1	5
1633	4	 293	44	14	0	2	1	0	1	8
2040	5	 170	26	12	0	0	0	0	1	8
832	3	 450	36	12	1	1	0	0	1	3
0	1	 340	32	12	3	1	0	0	1	5
1259	4	 160	21	12	0	0	0	1	0	9
1960	5	 313	31	12	0	4	0	0	1	7
0	1	 194	62	12	0	0	0	0	1	7
431	2	 445	35	15	2	3	0	0	1	5
750	2	 300	32	12	1	1	0	0	1	5
0	1	 660	59	12	0	0	0	0	1	5
1665	4	 650	29	16	0	0	0	0	1	5
1880	5	 193	56	15	0	0	0	1	0	4
0	1	 231	55	12	0	0	0	0	0	3
3525	6	 496	26	16	0	0	0	0	1	3
332	2	 339	30	14	1	1	1	0	1	4
2160	5	 652	33	15	0	0	0	0	1	6
136	2	 9	31	14	1	0	0	0	0	4
0	1	 477	64	12	0	0	0	0	1	4
0	1	 260	30	16	2	0	0	0	1	3
1340	4	 283	40	17	0	2	0	0	1	4
2056	5	 268	44	12	0	0	0	0	1	5
0	1	 517	39	12	0	0	1	0	1	7
0	1	 426	59	12	0	0	0	0	1	4
459	2	 454	44	12	0	0	0	0	1	4
0	1	 1028	44	14	0	0	0	0	1	7
384	2	 110	24	12	2	0	0	1	0	3
1214	3	 270	35	12	1	2	0	1	1	1
0	1	 187	54	3	0	1	0	1	1	1
0	1	 200	31	12	0	2	0	1	1	3
0	1	 130	32	11	0	0	0	1	0	3
0	1	 190	56	9	0	0	0	0	1	6
138	2	 95	23	11	2	0	0	0	0	5
1101	3	 24	48	12	0	0	1	0	1	5
0	1	 392	64	12	0	0	0	0	1	5
1254	4	 228	28	17	2	0	0	0	1	4
1600	4	 530	59	16	0	0	0	0	1	5
2050	5	 20	36	12	0	1	1	0	0	5
1829	5	 258	21	12	1	0	0	0	1	9
302	2	 150	22	10	1	0	0	0	0	4
864	3	 286	60	9	0	0	0	0	1	5
1952	5	 150	36	12	1	1	0	0	1	5
0	1	 195	44	12	0	1	0	0	1	5
1976	5	 414	30	17	1	0	0	0	1	5
1960	5	 460	40	16	0	0	0	0	1	3
0	1	 355	59	12	0	0	0	0	1	4
1440	4	 277	42	14	0	0	1	0	1	7
40	2	 392	46	15	0	0	1	0	1	5
0	1	 482	58	12	0	0	0	1	1	5
0	1	 28	35	13	2	2	0	1	0	5
1160	3	 210	50	13	0	0	0	0	1	6
1310	4	 324	29	12	1	0	0	0	1	6
1840	5	 713	35	14	1	0	1	0	1	7
24	2	 488	36	13	1	2	1	0	1	6
2261	6	 154	30	16	1	0	0	0	1	6
2280	6	 550	30	13	2	1	0	0	1	6
819	3	 329	27	12	1	0	0	0	0	3
1568	4	 373	29	17	1	0	0	0	0	3
2461	6	 371	61	12	0	0	0	0	1	3
0	1	 488	41	12	0	2	0	0	1	3
905	3	 960	40	17	0	2	0	0	1	3
1400	4	 759	47	15	0	0	2	0	1	4
0	1	 727	46	12	0	0	1	0	1	4
1920	5	 446	43	9	0	0	0	0	1	7
0	1	 280	20	11	1	0	0	0	0	7
868	3	 164	22	12	1	0	0	0	1	7
2252	6	 449	44	12	0	0	0	0	1	5
744	2	 835	39	16	0	0	0	0	1	2
428	2	 290	36	12	0	2	1	0	0	8
0	1	 268	63	12	0	0	0	0	1	7
18	2	 117	34	12	1	1	0	0	1	7
1225	3	 370	31	12	2	1	0	0	0	5
174	2	 279	33	16	1	1	0	0	1	7
1920	5	 385	37	12	0	2	1	0	1	6
300	2	 688	32	12	0	2	0	0	1	7
1867	5	 65	27	13	0	0	0	0	0	8
0	1	 1056	56	16	0	0	0	0	1	7
600	2	 152	34	16	1	2	0	0	0	4
796	3	 63	21	14	1	0	0	0	0	10
0	1	 314	61	12	0	0	0	0	1	10
919	3	 380	33	12	1	2	0	0	1	10
1155	3	 510	38	14	0	3	0	0	1	2
1667	4	 525	40	16	0	1	0	0	1	10
0	1	 246	43	12	0	0	1	0	1	5
1653	4	 100	48	8	0	0	0	0	1	4
261	2	 110	24	12	2	0	0	0	0	4
0	1	 134	20	12	2	0	0	0	0	6
1844	5	 200	25	13	1	0	0	0	0	5
2133	5	 268	29	12	1	0	0	0	1	4
2050	5	 122	36	12	0	1	0	0	1	4
1680	4	 372	47	17	0	1	0	0	1	6
1740	4	 280	36	17	0	1	0	0	1	6
262	2	 93	23	15	1	0	0	0	0	2
2066	5	 110	24	15	0	0	0	0	0	3
1880	5	 393	39	11	0	0	2	1	1	9
694	2	 294	30	16	0	0	0	0	0	5
1268	4	 406	27	12	3	0	0	0	1	4
1324	4	 210	21	12	1	0	0	0	0	4
2256	6	 139	37	12	0	2	1	0	1	6
1458	4	 360	21	12	0	1	0	0	1	5
1407	4	 224	36	12	0	0	2	0	1	14
1400	4	 90	58	17	0	0	0	0	1	6
864	3	 176	28	15	1	0	0	1	0	4
2038	5	 331	52	12	0	0	0	0	1	5
92	2	 230	28	15	3	0	0	0	0	4
2052	5	 216	32	14	0	2	0	0	1	5
2223	5	 110	28	13	0	0	0	0	0	3
0	1	 656	21	10	1	0	0	0	0	4
2880	6	 359	61	17	0	0	0	0	1	5
2220	5	 596	49	16	0	0	0	0	1	6
2295	6	 479	30	12	1	0	0	0	1	5
0	1	 150	29	14	1	0	0	0	1	5
2142	5	 202	45	15	0	0	1	0	1	5
1176	3	 228	50	10	0	0	1	1	1	5
2083	5	 180	30	12	1	1	0	0	1	5
2060	5	 288	44	9	0	0	2	0	1	5
2040	5	 210	47	10	0	1	1	0	0	5
0	1	 421	54	12	0	0	0	0	1	5
0	1	 370	35	16	1	2	0	0	1	3
1944	5	 392	32	16	1	0	0	0	1	9
774	3	 310	32	16	1	0	0	0	1	3
0	1	 836	45	13	0	1	1	0	1	3
1600	4	 97	30	8	0	2	0	0	0	10
630	2	 90	23	7	1	0	0	0	0	11
0	1	 100	57	3	0	0	0	0	0	10
2195	5	 83	32	10	0	3	0	0	0	11
600	2	 109	38	8	0	1	2	1	0	7
0	1	 205	28	12	1	1	0	0	0	7
980	3	 79	23	11	1	0	0	0	0	6
1928	5	 406	38	16	0	2	0	0	1	6
2058	5	 548	40	16	0	0	0	0	1	4
1751	5	 310	31	12	2	0	0	0	1	6
0	1	 361	55	12	1	0	0	0	1	6
236	2	 381	38	15	0	1	1	0	1	6
1952	5	 31	61	7	0	0	0	0	1	4
1300	4	 92	63	11	0	0	0	0	1	4
2020	5	 130	50	13	0	0	0	0	1	6
1960	5	 86	29	12	1	1	0	0	0	6
0	1	 60	53	12	0	0	0	0	0	6
0	1	 360	41	10	0	0	2	0	0	6
640	2	 397	37	13	0	3	0	0	1	6
1935	5	 520	37	17	1	2	0	0	1	9
3000	6	 129	29	12	0	1	0	1	1	5
2160	5	 200	42	12	0	0	0	0	1	3
1258	4	 252	37	12	0	1	1	0	1	5
1312	4	 326	36	12	0	0	2	0	1	5
2033	5	 544	41	11	0	0	0	0	1	3
1544	4	 490	41	17	0	2	0	0	1	6
1110	3	 707	45	15	0	0	0	0	1	5
2077	5	 243	31	14	1	0	0	0	1	9
2534	6	 552	27	11	1	0	0	0	0	9
0	1	 288	48	11	0	0	0	0	1	9
1788	5	 346	34	10	0	3	1	0	1	9
0	1	 275	63	13	0	0	0	0	1	9
1871	5	 203	28	13	1	0	0	1	0	3
0	1	 265	37	10	0	0	0	0	0	7
0	1	 475	59	14	0	0	0	0	1	7
1928	5	 342	24	15	0	0	0	0	1	6
1100	3	 525	54	16	0	0	0	0	1	7
1392	4	 112	25	17	1	0	0	0	1	8
1632	4	 453	25	16	1	0	0	0	1	6
1720	4	 3	30	12	1	1	0	0	0	7
0	1	 225	25	12	1	0	0	0	0	7
0	1	 671	43	12	0	0	1	0	1	6
624	2	 140	56	12	0	0	0	0	1	10
2783	6	 210	40	10	0	0	1	0	1	4
1880	5	 330	37	12	0	1	0	0	1	11
2145	5	 518	57	16	0	0	1	0	1	4
704	2	 190	28	12	1	0	0	0	1	7
1920	5	 170	49	12	0	0	0	0	1	8
528	2	 127	20	12	1	0	0	0	0	8
280	2	 412	32	8	0	3	2	0	1	10
1920	5	 120	33	14	1	1	0	0	1	10
1880	5	 120	33	12	1	2	0	0	0	6
905	3	 577	42	7	0	0	1	0	1	6
1991	5	 87	22	11	0	0	0	0	0	6
2054	5	 118	47	12	0	0	0	0	1	19
1512	4	 377	37	17	0	0	0	0	1	3
0	1	 250	31	12	1	2	0	0	1	3
0	1	 761	38	13	0	1	2	0	1	3
471	2	 321	63	12	0	0	0	0	1	3
1860	5	 279	53	12	0	0	1	0	1	4
2490	6	 120	26	15	0	0	0	0	0	6
2032	5	 150	36	15	2	0	0	0	1	6
0	1	 384	33	12	0	1	0	0	1	6
1312	4	 211	23	12	0	0	0	0	0	6
1463	4	 143	43	12	0	0	0	0	1	6
641	2	 43	41	12	0	2	0	0	0	6
3029	6	 83	54	12	0	0	0	0	1	8
1530	4	 272	33	14	1	1	0	0	1	8
940	3	 350	31	12	1	2	0	0	1	8
0	1	 90	33	12	0	2	1	0	0	8
2176	5	 427	28	12	0	0	0	0	0	3
1530	4	 170	56	12	0	0	0	0	1	8
1157	3	 220	28	12	1	0	0	0	1	8
0	1	 478	40	12	0	0	0	0	1	6
0	1	 238	57	12	0	0	0	0	1	5
1308	4	 220	30	16	2	0	0	0	1	5
324	2	 269	24	12	1	0	0	0	0	3
1720	4	 217	51	11	0	0	0	0	1	5
1304	4	 200	30	12	0	2	0	0	1	5
2304	6	 314	28	12	0	2	0	0	1	5
0	1	 257	32	10	0	1	1	0	1	5
618	2	 64	38	14	0	0	0	0	0	5
0	1	 135	34	12	0	3	1	1	1	11
2110	5	 13	35	11	0	3	0	0	0	5
0	1	 256	34	12	0	0	0	0	0	5
1720	4	 8	20	11	1	0	0	0	0	5
0	1	 983	56	12	0	1	0	0	1	5
1480	4	 335	24	12	0	0	0	0	1	5
2036	5	 235	25	13	0	0	0	0	0	5
2366	6	 477	26	12	0	0	0	0	1	5
1464	4	 425	29	12	1	1	0	0	1	7
0	1	 723	53	11	0	0	0	0	1	7
432	2	 170	24	10	2	1	0	0	0	5
0	1	 69	19	8	2	0	0	0	0	5
0	1	 150	25	14	0	0	0	0	0	7
184	2	 107	20	11	0	0	0	0	0	7
0	1	 325	48	12	0	1	0	0	1	5
1912	5	 297	58	12	0	0	0	0	0	2
1200	3	 480	42	17	0	1	0	0	1	3
2135	5	 499	28	17	0	0	0	0	1	3
385	2	 443	35	13	0	3	0	0	1	4
0	1	 180	32	14	1	1	0	0	1	4
875	3	 162	56	2	0	0	0	0	1	4
1275	4	 165	57	11	0	0	0	0	1	5
0	1	 481	37	16	1	2	0	0	1	7
64	2	 462	34	17	2	0	0	0	1	7
76	2	 330	37	16	1	2	1	0	0	7
1896	5	 225	40	8	0	0	0	1	1	7
1148	3	 385	37	16	0	1	0	0	1	10
70	2	 231	31	16	1	0	0	0	1	10
0	1	 200	27	12	0	2	0	1	0	5
1094	3	 139	62	12	0	0	0	1	1	1
224	2	 232	26	14	1	0	0	1	0	4
0	1	 340	38	13	0	3	1	1	0	4
2000	5	 160	29	16	2	0	0	1	1	5
0	1	 130	56	10	0	0	0	0	1	6
1169	3	 362	25	12	1	0	0	0	1	6
1205	3	 274	31	14	0	0	0	0	1	4
2184	5	 339	39	7	0	2	3	1	1	5
735	2	 200	35	12	2	2	0	0	0	3
1134	3	 265	28	12	1	0	0	0	1	10
2090	5	 -20	36	14	1	1	1	0	0	11
31	2	 300	35	13	0	1	0	0	1	11
415	2	 423	37	12	0	1	0	0	1	11
0	1	 223	38	12	0	0	3	0	1	5
0	1	 172	50	12	0	1	1	0	0	8
390	2	 100	20	12	1	0	0	0	0	8
1952	5	 528	35	14	0	0	0	0	1	5
2340	6	 150	38	17	0	0	0	0	0	5
1968	5	 313	24	13	0	0	0	0	1	5
2013	5	 790	35	12	0	2	0	0	1	5
0	1	 212	61	12	0	0	0	0	1	5
1519	4	 150	22	12	0	0	0	0	0	4
2060	5	 414	45	12	0	0	0	0	1	4
1982	5	 340	44	12	0	0	0	0	1	4
2202	5	 237	30	12	0	2	0	0	1	4
0	1	 231	49	11	0	0	0	0	1	4
2040	5	 150	19	10	1	0	0	0	0	3
128	2	 275	40	12	0	0	2	0	1	4
1837	5	 440	50	12	0	0	0	0	1	5
0	1	 178	24	9	2	0	0	1	0	10
1452	4	 46	28	16	1	0	0	1	0	7
0	1	 370	59	12	0	0	0	0	1	6
2480	6	 451	25	16	0	0	0	0	1	4
1452	4	 553	31	17	0	0	0	0	0	8
0	1	 587	32	13	1	2	0	0	1	6
2330	6	 645	31	16	0	0	0	0	1	2
2040	5	 139	27	12	0	0	0	0	1	4
1500	4	 100	22	15	0	0	0	0	0	5
1000	3	 480	48	12	0	0	1	0	0	6
0	1	 123	28	12	0	3	0	0	0	5
2005	5	 261	37	13	0	1	0	0	1	9
2124	5	 244	36	12	0	0	0	0	1	5
2072	5	 281	32	12	0	2	0	0	0	5
1799	5	 353	24	12	0	0	0	1	0	5
0	1	 169	26	12	2	0	0	0	0	4
0	1	 326	47	10	0	0	0	0	1	5
858	3	 155	22	12	2	0	0	1	0	6
2259	6	 348	40	14	0	0	1	0	1	5
1560	4	 70	24	14	0	0	0	0	0	6
2044	5	 201	31	12	0	1	1	0	1	5
1844	5	 147	29	12	2	0	0	0	1	5
1296	4	 475	51	12	0	0	0	0	1	5
1699	4	 211	62	13	0	0	0	0	1	11
1500	4	 270	54	12	0	0	1	0	1	5
0	1	 591	32	12	1	2	0	0	1	5
662	2	 159	21	11	0	0	0	0	0	5
2000	5	 731	58	14	0	0	0	0	1	6
2103	5	 259	30	15	2	0	0	0	0	5
1824	5	 503	34	17	0	0	0	0	1	3
252	2	 523	39	16	1	1	1	0	1	2
1200	3	 1620	38	17	1	0	0	0	1	3
0	1	 415	57	12	0	0	0	0	1	3
0	1	 301	29	12	3	0	0	0	1	3
1353	4	 351	33	12	1	1	0	0	1	3
1750	4	 400	49	12	0	0	0	0	1	2
1904	5	 256	25	14	1	0	0	0	1	7
1137	3	 709	57	17	0	0	0	0	1	3
1819	5	 103	52	12	0	0	0	1	1	9
1920	5	 403	43	12	0	0	1	1	1	9
2174	5	 222	43	12	0	0	0	0	0	6
387	2	 92	22	10	2	0	0	0	0	4
1098	3	 43	29	12	2	3	0	0	0	3
2048	5	 478	36	15	0	0	1	0	1	6
1248	3	 270	35	16	0	2	0	0	1	6
260	2	 320	31	12	0	2	0	0	1	6
1911	5	 8	33	14	0	1	0	0	1	2
104	2	 176	32	16	2	2	0	0	1	8
0	1	 151	59	12	0	0	0	0	1	8
1880	5	 453	49	12	0	0	0	0	1	8
1176	3	 166	40	12	0	2	1	0	1	8
0	1	 366	50	12	0	1	0	0	1	8
1920	5	 301	32	14	0	2	0	0	1	5
0	1	 500	59	16	0	0	0	0	1	6
1856	5	 190	29	16	0	0	0	0	1	6
0	1	 290	27	16	2	0	0	0	0	6
1040	3	 135	28	12	1	1	0	1	0	6
1960	5	 225	29	12	2	0	0	1	1	6
0	1	 350	28	14	0	0	0	0	1	6
1944	5	 346	51	12	0	0	0	0	1	6
0	1	 239	33	13	1	4	0	0	0	4
1648	4	 200	35	14	0	2	0	0	0	5
2010	5	 232	32	12	0	1	0	0	1	4
0	1	 322	63	12	0	0	0	0	1	4
604	2	 233	30	12	0	2	0	0	1	7
0	1	 420	60	12	0	0	0	0	1	6
88	2	 94	29	12	0	2	0	0	0	7
0	1	 95	28	12	2	0	0	0	1	6
424	2	 184	28	16	0	0	0	0	0	7
2004	5	 167	38	14	0	2	0	0	1	6
1428	4	 180	33	17	3	0	0	0	1	6
0	1	 520	32	16	3	0	0	0	1	3
0	1	 250	29	15	2	0	0	0	1	8
860	3	 209	28	13	2	1	0	0	0	4
0	1	 248	64	12	0	0	0	0	1	6
1928	5	 389	33	17	0	0	0	0	0	6
180	2	 200	32	12	0	3	0	1	1	9
1960	5	 130	34	14	1	3	0	0	1	10
902	3	 115	64	10	0	0	0	0	1	5
1960	5	 309	48	13	0	0	0	0	1	9
0	1	 284	33	12	0	2	0	0	1	9
0	1	 225	53	8	0	0	0	0	1	9
0	1	 280	33	12	1	2	0	0	1	9
1496	4	 233	47	17	0	1	1	0	1	7
1517	4	 360	25	12	0	0	0	0	1	7
0	1	 470	32	12	2	4	0	0	1	7
0	1	 355	31	12	2	0	0	0	1	7
1000	3	 508	32	12	0	1	1	0	1	7
0	1	 283	40	13	0	2	2	0	1	7
352	2	 375	36	14	2	1	0	0	1	6
0	1	 635	35	12	1	3	0	0	1	7
0	1	 1189	42	12	0	0	2	0	1	7
0	1	 480	38	12	1	1	0	0	1	5
1485	4	 150	42	16	0	2	0	0	1	1
0	1	 670	30	16	2	0	0	0	1	7
990	3	 613	52	17	0	0	1	0	1	3
2041	5	 490	40	12	0	0	0	0	0	4
0	1	 272	39	12	0	2	0	0	1	8
1300	4	 90	28	12	0	2	0	0	0	8
0	1	 434	61	12	0	0	0	0	1	8
2080	5	 30	38	12	0	1	2	0	1	8
0	1	 280	32	12	0	1	0	0	0	5
1808	5	 82	33	14	0	0	0	0	1	5
1920	5	 546	44	12	0	1	0	0	1	4
1984	5	 362	31	13	0	0	0	0	1	5
1920	5	 260	34	16	0	0	0	0	0	4
1828	5	 84	33	12	0	1	0	1	1	10
1248	3	 179	58	13	0	0	0	0	0	3
0	1	 144	64	10	0	0	0	0	1	6
1654	4 	 193	43	8	0	0	1	0	1	6
2083	5	 40	30	12	0	0	0	1	0	7
1959	5	 492	26	13	0	0	0	0	1	7
1860	5	 441	39	8	0	0	0	0	1	3
0	1	 176	63	12	0	0	0	1	1	3
0	1	 290	28	13	0	0	0	0	1	5
1800	5	 330	43	12	0	0	0	0	1	8
486	2	 192	47	10	0	0	1	0	0	8
0	1	 370	59	12	0	0	0	0	1	8
1770	5	 381	26	16	0	0	0	0	1	9
3181	6	 170	31	14	0	0	0	0	1	8
0	1	 550	36	16	1	0	0	0	1	7
2100	5	 139	23	16	0	0	0	0	0	8
0	1	 211	38	12	0	1	1	0	0	8
0	1	 193	58	8	0	0	0	0	1	8
945	3	 235	26	12	0	0	0	0	0	8
1050	3	 170	30	11	1	0	0	0	1	8
1900	5	 114	36	9	0	2	1	0	1	10
37	2	 230	21	11	2	0	0	0	1	10
2020	5	 115	25	12	0	0	0	0	1	7
581	2	 93	35	12	0	1	2	0	0	7
0	1	 100	19	10	1	0	0	0	0	10
1937	5	 192	34	12	0	2	0	0	1	10
1960	5	 250	38	14	0	1	0	0	1	6
0	1	 70	31	9	0	2	1	1	0	13
406	2	 45	31	9	1	3	1	1	0	13
512	2	 195	28	13	1	0	0	0	0	2
0	1	 362	34	17	1	1	0	0	1	2
0	1	 519	38	12	2	1	0	0	1	3
0	1	 250	48	14	0	0	0	0	0	6
1081	3	 92	28	12	2	0	0	0	1	6
0	1	 410	34	13	1	2	0	0	1	5
0	1	 358	64	8	0	0	0	0	1	5
2072	5	 254	25	16	0	0	0	0	0	7
927	3	 423	31	16	1	1	0	0	1	6
0	1	 128	60	12	0	0	0	0	1	9
1950	5	 319	42	12	0	0	0	0	1	5
1632	4	 273	31	12	1	1	0	0	1	6
312	2	 178	24	12	2	0	0	0	0	4
1946	5	 700	50	12	0	0	0	0	1	4
2600	6	 285	24	16	0	0	0	0	1	6
1085	3	 656	36	13	0	0	0	0	1	6
1386	4	 455	33	17	1	0	0	0	1	4
688	2	 90	33	12	0	4	0	1	0	10
1035	3	 498	53	17	0	0	1	0	1	5
1737	4	 300	31	16	0	1	0	0	1	3
130	2	 600	36	16	1	1	0	0	1	4
1224	3	 86	29	11	0	0	0	0	0	5
1936	5	 325	38	12	0	0	1	0	1	4
1938	5	 82	19	12	0	0	0	0	0	4
1248	3	 252	40	12	0	1	1	0	0	7
2000	5	 310	37	16	1	0	0	0	1	8
0	1	 139	33	11	0	0	2	1	1	7
1035	3	 65	30	10	2	2	1	1	0	7
2090	5	 320	52	12	0	0	0	0	1	4
1848	5	 140	37	12	0	1	1	0	1	11
1780	5	 251	43	16	0	0	1	0	1	4
1250	3	 109	53	14	0	0	0	0	1	2
1265	4	 90	27	12	1	0	0	1	1	7
0	1	 153	35	13	1	1	1	0	0	5
1965	5	 527	41	12	0	0	2	0	1	6
0	1	 425	43	12	0	0	0	0	1	6
0	1	 169	48	11	0	0	0	0	1	6
1037	3	 239	36	11	0	1	1	0	1	3
0	1	 120	24	12	1	0	0	0	1	3
1798	5	 122	46	14	0	0	0	0	1	3
844	3	 390	47	12	0	0	0	0	1	3
1288	4	 246	25	13	2	0	0	0	1	3
0	1	 211	25	12	1	0	0	0	1	3
1225	3	 617	52	11	0	0	0	0	1	3
261	2	 200	29	16	2	0	0	0	1	3
0	1	 270	31	12	1	2	0	0	1	3
1960	5	 200	31	17	0	0	0	1	0	6
1000	3	 456	36	15	0	1	0	1	0	6
2058	5	 315	33	12	0	3	0	0	1	5
2500	6	 908	28	17	0	0	0	0	1	3
0	1	 446	41	12	0	1	1	0	0	8
0	1	 648	45	12	1	0	1	0	1	6
0	1	 600	63	16	0	0	0	0	1	6
0	1	 234	59	12	0	0	0	0	1	8
1976	5	 270	35	12	0	2	0	0	1	3
0	1	 798	43	13	0	1	0	0	1	8
1200	3	 155	24	12	0	0	0	0	1	7
1891	5	 213	35	13	0	0	0	0	1	7
2060	5	 108	58	12	0	0	0	0	1	7
1920	5	 151	26	16	2	0	0	0	0	7
2056	5	 413	60	17	0	0	0	0	1	8
1984	5	 536	39	13	0	0	1	0	1	12
0	1	 211	44	12	0	0	1	0	1	6
0	1	 180	26	13	1	0	0	0	1	6
0	1	 428	34	13	0	2	0	0	1	10
2076	5	 -26	47	16	0	0	0	0	1	10
1840	5	 312	48	8	0	0	0	0	1	4
1222	3	 240	42	12	0	1	1	0	0	4
2500	6	 310	29	16	0	0	0	0	1	5
1250	3	 384	34	17	0	0	0	0	1	8
1670	4	 258	56	12	0	0	0	0	1	7
1934	5	 186	59	12	0	0	0	0	1	5
1958	5	 132	21	9	1	0	0	0	1	5
0	1	 121	59	12	0	0	0	0	1	8
2560	6	 86	34	12	1	0	0	0	1	6
0	1	 232	49	12	0	1	0	0	1	5
1019	3	 323	37	16	0	2	0	0	1	5
1530	4	 207	33	14	0	2	0	0	1	6
1794	5	 349	58	12	0	0	0	0	1	6
1632	4	 367	35	12	0	2	1	0	1	6
0	1	 100	28	10	1	1	0	0	0	4
2200	5	 500	48	10	0	0	1	0	0	5
0	1	 537	32	13	0	2	0	0	1	8
1880	5	 190	29	12	1	1	0	0	1	8
481	2	 958	54	17	0	0	0	0	1	3
1806	5	 348	60	17	0	0	0	0	1	7
1368	4	 258	31	12	0	1	0	0	0	5
2640	6	 740	35	13	0	0	0	0	1	8
742	2	 184	32	12	1	1	0	0	1	7
2130	5	 208	30	12	1	1	0	0	1	5
1760	5	 155	33	12	0	2	0	0	1	7
1893	5	 173	32	12	1	1	0	0	1	7
1993	5	 250	43	12	1	0	0	0	1	7
1248	3	 145	52	8	0	0	0	0	1	2
982	3	 71	24	12	2	0	0	0	0	2
0	1	 285	48	12	0	0	0	0	1	2
1150	3	 138	22	12	1	0	0	0	0	2
344	2	 215	63	12	0	0	0	0	1	4
2940	6	 360	38	12	0	2	1	0	1	5
0	1	 464	54	12	0	0	0	0	1	5
1422	4	 250	29	12	1	2	0	0	1	7
1750	4	 183	23	12	0	0	0	0	1	5
0	1	 203	64	12	0	0	0	0	1	6
0	1	 763	37	16	1	0	0	0	1	3
2040	5	 470	37	14	0	0	0	0	1	6
2361	6	 312	42	16	0	4	1	0	1	4
0	1	 302	32	12	1	1	0	0	1	6
1456	4	 78	40	12	0	0	2	0	1	2
1638	4	 320	19	11	1	0	0	0	1	5
1944	5	 253	33	10	0	2	0	0	1	5
2036	5	 148	51	9	0	0	0	0	1	5
0	1	 1300	57	12	0	0	0	0	1	7
0	1	 172	24	8	2	0	0	0	1	4
1960	5	 454	38	9	0	1	2	0	1	4
0	1	 175	50	7	0	0	0	0	0	8
1920	5	 435	34	13	0	2	0	0	1	6
1786	5	 190	35	12	1	1	1	1	1	4
480	2	 210	23	13	1	0	0	0	0	4
0	1	 158	58	12	1	0	0	1	0	6
2024	5	 225	30	12	1	1	0	1	1	5
1824	5	 266	27	13	2	0	0	0	0	4
1960	5	 383	50	12	0	0	0	0	1	11
0	1	 346	28	12	2	0	0	0	1	9
0	1	 181	29	12	2	0	0	0	0	7
0	1	 549	52	12	0	0	0	0	1	7
0	1	 539	31	12	3	2	0	0	0	11
456	2	 182	25	13	3	0	0	0	0	7
0	1	 262	53	10	0	1	0	0	1	11
0	1	 61	29	12	0	0	0	1	0	9
1161	3	 217	64	10	0	0	0	0	1	3
1535	4	 167	33	14	0	1	0	0	1	3
352	2	 252	36	12	0	0	1	0	1	3
0	1	 200	29	12	1	1	0	0	1	3
2116	5	 150	36	14	0	0	2	0	1	11
2040	5	 23	38	12	0	0	0	0	1	11
1584	4	 273	26	17	2	0	0	0	1	5
0	1	 1742	53	17	0	0	0	0	1	5
110	2	 90	30	9	0	0	0	1	0	13
1904	5	 170	26	14	0	0	0	0	0	5
1952	5	 249	30	15	2	0	0	0	0	5
2000	5	 277	60	12	0	0	0	1	1	6
2075	5	 466	43	13	0	2	0	0	1	5
1296	4	 350	28	14	1	1	0	1	1	5
0	1	 272	63	12	0	0	0	0	1	4
1680	4	 204	34	15	1	1	0	1	0	5
320	2	 342	54	13	0	0	0	1	1	4
1940	5	 343	35	10	0	0	1	0	1	3
1575	4	 625	41	17	0	0	0	0	1	6
2076	5	 185	26	14	0	0	0	0	0	5
0	1	 185	25	13	1	0	0	0	0	7
416	2	 431	32	16	1	0	0	0	1	7
10	2	 208	32	12	1	0	0	0	1	7
2284	6	 290	61	17	0	0	0	0	0	5
1542	4	 176	37	14	0	2	0	0	1	14
1895	5	 515	42	13	0	0	0	0	1	4
2214	5	 200	25	16	1	0	0	0	0	5
2450	6	 166	24	13	0	0	0	1	0	4
726	2	 88	26	12	3	0	0	0	0	4
0	1	 174	41	11	1	1	1	1	1	6
0	1	 2417	50	16	0	0	0	0	1	4
714	2	 228	27	16	1	0	0	0	0	6
1146	3	 160	35	8	0	0	1	0	0	6
1664	4	 333	38	12	0	1	0	0	1	5
1002	3	 270	46	12	0	0	1	0	1	4
1600	4	 433	39	12	0	0	1	0	1	6
1760	5	 380	56	8	0	0	0	0	1	3
0	1	 387	54	8	0	0	0	0	1	3
0	1	 230	32	12	1	3	1	0	0	5
384	2	 340	31	12	0	3	0	0	0	5
0	1	 347	26	11	2	1	0	0	0	3
0	1	 236	53	11	3	0	1	1	1	6
1365	4	 650	32	13	0	3	0	1	1	5
2000	5	 114	58	8	0	0	0	1	1	5
1936	5	 57	29	13	1	0	0	1	0	5
176	2	 179	28	12	2	1	0	1	0	5
0	1	 96	27	12	2	0	0	1	0	5
0	1	 140	41	12	0	0	0	1	0	5
2044	5	 0	36	13	0	1	0	1	0	5
2072	5	 199	40	13	0	1	0	1	1	5
0	1	 190	33	13	0	2	1	1	1	5
1888	5	 233	41	13	1	1	0	0	1	7
0	1	 512	39	12	1	1	0	0	1	6
0	1	 262	51	12	0	0	0	0	1	5
1924	5	 185	46	14	0	1	0	0	1	5
0	1	 625	50	12	0	1	0	0	1	5
0	1	 84	31	12	0	2	0	0	0	5
2050	5	 288	26	14	1	2	0	0	1	5
0	1	 108	32	12	2	2	0	1	0	5
0	1	 272	36	12	2	3	0	1	0	5
0	1	 420	34	13	1	2	0	1	1	5
0	1	 98	28	14	0	1	0	1	0	5
1400	4	 210	29	12	0	0	0	1	0	5
1896	5	 96	60	7	0	0	0	1	1	5
704	2	 150	31	12	0	1	1	1	0	5
0	1	 263	49	9	1	0	0	1	1	5
0	1	 112	36	13	0	3	1	1	0	8
1800	5	 6	27	15	2	1	0	1	0	8
0	1	 115	30	11	3	5	0	1	1	8
2673	6	 401	28	14	2	0	0	1	1	8
1840	5	 128	23	10	0	0	0	1	0	8
2040	5	 220	36	13	0	3	1	1	1	8
461	2	 42	28	11	1	0	0	1	0	8
0	1	 372	37	13	0	2	0	1	1	8
0	1	 79	32	11	0	2	1	1	0	8
0	1	 47	33	13	0	0	0	1	0	8
0	1	 195	36	12	0	4	1	1	1	8
1952	5	 760	42	17	0	0	0	1	1	8
730	2	 100	44	13	0	0	0	1	1	15
240	2	 60	26	14	1	0	0	1	0	8
0	1	 63	47	12	0	0	1	1	0	8
2010	5	 165	24	12	1	0	0	1	0	7
816	3	 295	49	14	0	2	1	1	0	8
756	3	 382	31	13	1	1	0	1	1	8
2105	5	 31	51	16	0	0	0	1	0	8
0	1	 119	63	5	0	0	0	1	0	8
0	1	 176	55	8	0	0	0	1	1	8
1744	4	 220	37	14	0	2	0	1	1	8
0	1	 180	25	12	1	0	0	0	0	8
0	1	 460	52	14	0	0	0	1	1	8
1736	4	 403	37	12	0	1	2	1	1	8
1176	3	 631	32	14	2	0	0	0	1	6
500	2	 199	32	16	2	2	0	0	0	6
2151	5	 375	25	16	0	0	0	0	1	3
630	2	 396	58	16	0	0	0	0	1	6
0	1	 200	27	13	1	1	0	0	0	6
2080	5	 124	54	9	1	1	0	0	0	5
558	2	 358	25	12	2	0	0	0	0	5
74	2	 451	34	14	1	0	0	0	1	6
258	2	 169	27	12	1	0	0	0	0	4
1968	5	 470	42	16	0	1	1	0	1	6
1085	3	 322	52	12	0	0	0	1	1	6
707	2	 223	53	13	0	0	0	1	1	6
296	2 	 610	35	16	1	2	0	0	1	6
1920	5	 344	27	12	1	0	0	0	0	6
5840	6	 498	35	11	0	0	1	0	1	30
354	2	 340	32	11	0	1	0	0	0	6
928	3	 240	31	14	2	0	0	0	0	5
0	1	 208	32	16	2	1	0	0	0	10
1008	3	 359	39	13	0	0	1	0	1	3
499	2	 395	28	14	2	1	0	0	1	5
2200	5	 20	38	14	0	0	1	0	0	6
1816	5	 610	41	11	0	0	0	0	0	3
2350	6	 316	37	12	0	0	0	0	0	6
2066	5	 300	26	15	0	0	0	0	0	5
160	2	 280	28	11	0	1	0	0	1	5
2770	6	 377	34	14	1	0	0	0	0	8
0	1	 399	48	12	0	1	1	0	1	6
0	1	 360	45	12	0	0	0	1	1	5
2080	5	 222	27	13	0	0	0	0	1	7
2970	6	 381	37	17	0	0	0	0	1	5
1880	5	 59	20	12	1	0	0	0	0	6
2044	5	 225	26	12	0	0	0	1	0	3
1096	3	 85	52	12	0	0	0	1	1	9
1960	5	 180	32	12	0	1	0	1	0	9
1688	4	 403	33	13	0	1	0	1	0	8
2500	6	 380	36	14	0	2	1	1	1	5
0	1	 524	49	12	0	0	0	0	0	7
2040	5	 300	22	11	1	0	0	0	1	5
624	2	 117	21	12	1	0	0	0	0	7
1600	4	 77	33	12	0	1	0	0	1	7
1096	3	 240	33	13	1	1	0	1	1	7
0	1	 226	21	14	2	0	0	1	0	7
1032	3 	 253	28	12	1	1	0	1	0	9
1875	5	 152	21	12	1	0	0	0	0	7
1956	5	 432	35	12	0	3	0	0	1	7
0	1	 308	59	15	0	0	1	0	1	7
1920	5	 232	44	12	0	1	1	1	0	7
1100	3	 42	35	12	0	0	1	0	1	6
1341	4	 143	37	13	0	1	1	0	0	9
980	3	 264	57	12	0	0	0	0	1	9
0	1	 168	28	12	0	1	0	0	0	5
0	1	 100	21	11	1	0	0	1	0	6
775	3	 340	32	12	0	2	0	1	1	5
2500	6	 230	25	8	1	1	0	1	1	4
2008	5	 300	43	13	1	0	1	1	1	8
1915	5	 260	33	8	0	2	0	1	0	3
1848	5	 163	50	12	0	0	1	1	1	4
1170	3	 200	51	11	0	0	0	0	1	4
2000	5	 430	31	16	0	0	0	0	1	2
2178	5	 295	27	16	1	0	0	0	1	4
2100	5	 146	27	16	0	0	0	1	0	2
1688	4	 328	30	16	0	1	0	1	1	4
1560	4	 48	54	16	0	0	0	1	1	4
1595	4	 155	26	14	2	0	0	1	0	5
605	2	 64	23	12	0	0	0	0	1	3
1040	3	 199	21	12	1	0	0	0	1	8
0	1	 104	44	10	1	1	1	0	1	8
934	3	 53	35	12	1	0	3	0	0	8
1608	4	 52	40	12	0	1	0	0	1	8
0	1	 149	23	12	2	0	0	0	0	8
2005	5	 170	33	13	0	2	0	0	1	14
0	1	 67	57	7	0	0	0	0	1	8
1862	5	 70	39	12	0	1	1	0	1	8
0	1	 72	21	9	1	0	0	0	1	8
80	2	 1	32	9	1	3	1	0	1	8
1823	5	 130	37	14	0	1	0	1	0	6
664	2	 72	35	12	0	2	0	0	1	10
0	1	 133	56	10	0	0	0	0	1	10
0	1	 209	26	12	1	1	0	0	1	10
2286	6	 281	29	15	0	0	0	0	1	5
0	1	 302	28	12	1	0	0	0	1	10
1530	4	 150	51	12	0	0	0	0	1	10
0	1	 31	41	6	0	1	0	1	1	10
120	2	 202	30	12	1	1	0	1	1	10
1952	5	 92	31	12	2	1	0	1	1	10
1295	4	 341	33	17	0	1	0	1	1	9
0	1	 110	25	9	1	1	0	1	1	10
1920	5	 107	32	12	0	1	1	1	1	10
0	1	 124	62	9	0	0	0	1	1	10
0	1	 230	31	12	2	1	0	0	1	9
78	2	 650	34	14	0	0	0	0	1	6
1796	5	 126	31	14	0	1	0	0	1	5
1900	5	 123	59	12	0	0	0	0	1	5
2205	5	 470	36	12	0	0	0	0	0	5
419	2	 214	41	10	0	0	1	1	1	4
908	3	 120	23	12	1	0	0	1	0	4
64	2	 150	23	12	2	0	0	1	0	5
1976	5	 350	23	12	1	0	0	1	0	7
1042	3	 48	35	12	0	3	0	0	0	10
0	1	 218	59	8	0	0	0	0	1	10
1120	3	 138	33	12	0	2	0	1	0	8
0	1	 140	24	11	2	0	0	0	0	10
968	3	 187	24	12	1	0	0	0	0	2
1536	4	 634	54	12	0	0	1	0	0	2
0	1	 136	31	12	0	2	0	1	1	8
1986	5	 144	41	12	1	0	1	1	0	6
1785	5	 465	44	10	0	0	0	0	1	5
2081	5	 220	24	14	0	0	0	0	1	5
2300	6	 8	28	14	0	0	0	1	0	5
2176	5	 184	35	11	1	0	0	1	1	5
1720	4	 132	31	16	1	1	0	1	1	5
0	1	 250	54	12	0	0	1	1	1	5
1844	5	 190	25	14	1	0	0	1	1	6
1750	4	 238	30	14	0	2	0	1	1	6
1685	4	 320	33	16	1	1	0	0	1	5
1890	5	 313	37	17	1	1	0	0	1	5
1016	3	 604	30	15	0	0	0	0	1	5
1781	5	 170	58	6	0	0	0	1	1	6
0	1	 240	30	12	1	0	0	0	1	5
0	1	 340	31	12	2	0	0	0	1	5
0	1	 180	31	12	1	0	0	0	1	5
853	3	 160	30	12	1	1	0	0	1	5
1775	5	 733	51	11	0	0	0	0	1	8
1627	4	 380	26	12	0	0	0	0	1	5
2227	5	 243	29	12	1	0	0	0	1	8
0	1	 264	58	11	0	0	0	0	1	3
366	2	 434	31	11	0	2	0	0	0	3
2450	6	 670	59	17	0	0	0	0	1	3
0	1	 425	31	14	1	3	0	1	1	2
344	2	 5	22	12	2	0	0	1	0	9
2200	5	 495	38	12	0	2	1	1	1	9
2080	5	 226	57	11	0	0	0	1	1	9
2080	5	 172	20	14	0	0	0	1	1	9
872	3	 133	22	16	0	0	0	1	0	9
2231	5	 156	50	12	1	0	0	1	1	9
2000	5	 375	48	14	0	0	0	1	1	9
2040	5	 423	43	11	2	1	0	1	1	4
1976	5	 105	22	10	1	0	0	0	0	7
1440	4	 270	31	17	1	1	0	1	1	9
1265	4	 141	31	16	0	0	0	1	0	7
2536	6	 408	37	17	2	1	0	1	1	7
2784	6	 163	30	17	0	0	0	0	1	5
1485	4	 570	44	11	0	0	0	0	1	3
1088	3	 304	34	16	1	0	0	0	1	7
1657	4	 70	28	12	1	1	0	1	1	4
1840	5	 50	21	12	1	0	0	1	1	4
1960	5	 210	30	12	1	1	0	0	1	4
0	1	 298	40	12	0	1	0	1	1	4
0	1	 188	62	9	1	0	0	1	1	4
600	2	 17	46	9	1	0	0	1	0	4
165	2	 78	38	12	0	3	1	1	0	4
2086	5	 190	26	17	0	0	0	1	1	4
2000	5	 100	34	10	1	0	0	1	0	4
416	2	 133	53	9	0	0	0	1	0	4
1750	4	 85	39	12	0	0	1	1	0	4
763	3	 0	31	11	1	0	0	1	0	6
1736	4	 180	25	13	1	2	0	1	0	6
0	1	 72	29	12	2	2	0	1	0	6
0	1	 62	54	10	0	0	0	1	1	5
256	2	 153	38	12	0	1	1	1	1	6
1968	5	 148	41	13	0	0	0	1	1	6
264	2	 74	23	12	1	0	0	1	0	10
600	2	 52	49	10	0	0	0	1	0	7
0	1	 119	25	9	2	1	0	0	0	8
0	1	 404	30	16	2	0	0	0	1	5
1976	5	 194	24	12	1	0	0	1	1	4
1443	4	 180	48	9	0	0	0	1	1	4
0	1	 81	32	11	1	2	0	1	1	4
1632	4	 300	43	11	0	1	0	1	1	4
2196	5	 250	28	9	1	0	0	0	1	5
0	1	 233	52	7	0	0	0	0	1	5
0	1	 84	49	11	0	0	0	1	0	8
1120	3	 380	39	17	0	2	0	1	1	2
0	1	 352	48	12	0	0	0	1	1	9
0	1	 185	39	8	0	0	1	0	1	6
1656	4	 342	33	9	0	0	1	0	1	8
0	1	 117	22	13	1	0	0	0	0	9
52	2	 126	28	16	1	0	0	1	0	8
1920	5	 674	49	12	0	0	0	1	1	8
1856	5	 774	43	17	0	0	0	0	1	6
1358	4	 260	36	16	2	0	0	1	1	3
2024	5	 220	31	12	1	2	0	1	0	3
780	3	 143	29	14	1	2	0	1	0	3
1560	4	 563	43	12	0	0	0	1	1	6
1632	4	 312	36	12	0	2	2	1	1	3
2056	5	 122	30	11	0	0	0	1	0	8
902	3 	 313	25	12	1	0	0	0	1	3
0	1	 330	22	12	1	0	0	0	1	3
750	2	 180	56	12	0	0	0	0	1	3
0	1	 281	32	12	1	1	0	0	0	2
1708	4	 530	33	14	1	1	0	1	1	2
2008	5	 360	29	17	0	0	0	1	1	4
0	1	 235	35	14	0	1	1	1	1	9
1330	4	 871	57	12	1	1	1	1	1	5
1823	5	 202	54	16	0	0	0	0	0	3
2000	5	 171	24	12	0	0	0	1	0	6
2060	5	 110	32	10	1	0	1	1	0	9
0	1	 190	29	12	2	2	0	0	1	3
0	1	 87	59	12	0	0	0	0	0	4
2314	6	 27	39	16	0	0	0	0	1	4
0	1	 292	26	12	0	3	0	0	1	4
1450	4	 540	54	12	0	0	0	0	1	4
2952	6	 322	25	12	1	0	0	0	1	4
592	2	 200	32	10	1	2	0	1	0	5
1976	5	 220	52	9	0	0	0	1	1	6
0	1	 300	25	12	2	1	0	1	1	6
2040	5	 162	31	12	1	0	0	1	1	4
1992	5	 180	47	12	1	0	1	1	1	4
2000	5	 120	24	12	1	0	0	1	1	4
1944	5	 132	27	14	2	1	0	1	1	4
2120	5	 140	30	12	1	1	1	1	1	4
1760	5	 175	31	12	0	2	1	1	1	4
756	3	 170	32	12	0	0	0	1	1	4
1897	5	 309	28	11	0	2	0	1	1	4
2040	5	 240	32	12	0	2	0	1	1	6
2100	5	 390	31	12	0	1	0	1	1	4
2288	6	 188	36	14	0	3	1	1	0	4
1295	4	 108	38	12	0	1	1	0	0	5
0	1	 295	30	14	2	1	0	1	1	5
736	2	 178	24	12	2	1	0	1	0	5
1734	4	 228	45	12	1	0	0	1	1	6
2080	5	 271	26	13	0	0	0	1	0	6
0	1	 276	26	12	2	0	0	0	1	7
0	1	 133	22	12	0	1	0	0	0	3
2040	5	 190	25	12	0	0	0	0	0	4
1440	4	 127	23	10	0	0	0	0	0	6
943	3	 87	35	13	1	1	0	1	0	7
1987	5	 320	28	16	0	0	0	1	0	7
1792	5	 250	31	12	0	1	0	1	0	8
0	1	 66	48	12	0	0	3	1	1	7
1384	4	 30	25	13	2	0	0	1	0	7
0	1	 100	60	6	0	1	1	1	0	6
1800	5	 450	41	10	0	0	0	1	1	6
1656	4	 200	25	14	0	0	0	1	0	5
151	2	 47	27	11	0	0	0	1	0	6
1113	3	 306	31	14	2	0	0	0	0	3
2102	5	 175	26	15	0	0	0	1	0	2
3060	6	 205	19	14	1	0	0	1	0	4
1976	5	 85	20	12	0	0	0	1	0	5
0	1	 161	22	12	2	0	0	1	0	5
2024	5	 70	32	10	0	0	0	1	0	3
0	1	 43	53	7	0	1	0	1	1	5
1500	4	 194	40	11	0	0	0	1	1	5
522	2	 240	35	12	2	1	1	1	1	5
918	3	 69	34	12	0	2	0	1	1	5
0	1	 125	63	8	0	0	0	1	1	5
0	1	 102	38	12	0	1	0	0	1	5
2000	5	 250	53	12	0	0	0	0	1	5
0	1	 321	32	12	0	1	0	0	1	5
1839	5	 130	30	12	0	2	0	0	1	9
2352	6	 60	26	14	0	0	0	0	0	9
2000	5	 286	38	15	0	0	1	0	1	5
0	1	 255	58	12	0	0	0	0	1	7
275	2	 182	26	12	2	0	0	0	0	7
1208	3	 134	28	11	1	1	0	0	0	7
2000	5	 130	22	12	0	0	0	0	0	6
1960	5	 82	34	12	0	1	0	0	1	6
1944	5	 132	31	12	1	0	0	0	0	7
0	1	 487	55	12	0	0	0	0	1	7
0	1	 210	23	10	1	0	0	0	1	7
2640	6	 374	29	13	0	0	0	0	1	5
2064	5	 610	49	11	0	0	0	0	1	4
0	1	 140	32	11	0	1	0	0	1	7
136	2	 306	30	12	1	1	0	0	0	5
554	2	 470	27	12	1	0	0	0	1	4
0	1	 166	39	6	0	0	2	1	1	4
2062	5	 141	36	10	0	2	0	1	1	6
0	1	 225	46	8	0	0	0	1	1	4
992	3	 80	24	12	0	0	0	1	1	4
0	1	 110	25	10	4	1	0	1	1	4
1850	5	 230	37	17	0	0	0	1	1	4
1818	5	 108	30	13	2	0	0	1	1	4
2503	6	 140	29	12	1	1	0	1	0	4
2000	5	 120	31	9	1	2	1	1	1	3
1392	4	 90	21	12	1	0	0	1	0	4
1687	4	 154	43	12	1	1	0	1	1	4
1980	5	 220	27	11	1	1	0	1	1	4
1914	5	 255	34	12	0	1	0	0	1	4
1872	5	 201	36	14	0	1	2	1	1	6
1960	5	 230	31	12	0	2	0	1	1	6
176	2	 507	38	10	0	0	0	1	1	6
0	1	 266	27	13	1	0	0	1	1	5
0	1	 232	25	11	3	1	0	1	1	5
0	1	 91	62	12	0	1	0	1	1	5
0	1	 106	55	10	0	0	0	1	1	5
864	3	 281	32	12	1	4	1	1	1	5
1530	4	 65	58	5	0	0	1	1	1	10
868	3	 145	35	11	1	0	2	1	1	10
2056	5	 0	30	16	1	1	0	1	0	11
1920	5	 0	39	17	0	0	0	1	0	9
1992	5	 250	28	16	1	1	0	1	0	9
1936	5	 290	46	14	0	0	0	1	1	9
0	1	 350	60	8	0	0	0	1	1	5
1984	5	 157	54	12	0	0	0	1	1	5
0	1	 234	43	5	2	0	0	1	0	7
2133	5	 203	29	10	1	1	0	0	1	8
2000	5	 340	27	8	1	1	0	0	1	8
804	3	 40	26	12	1	1	0	1	0	5
0	1	 433	63	12	0	0	0	1	1	8
1952	5	 181	39	14	0	3	1	0	1	6
1984	5	 52	39	12	0	0	0	1	1	4
2020	5	 501	45	12	0	0	1	1	0	3
2440	6	 160	21	13	0	0	0	1	0	3
0	1	 320	28	12	1	1	0	1	1	7
1383	4	 329	24	13	1	0	0	1	0	7
0	1	 535	62	12	0	0	0	1	1	7
1437	4	 462	39	16	0	2	0	1	1	2
1798	5	 291	34	17	1	1	0	1	0	7
0	1	 71	24	10	3	0	0	1	0	8
1840	5	 312	38	14	0	0	2	1	1	8
1950	5	 120	27	12	0	1	0	1	1	9
2000	5	 205	33	13	0	1	0	1	1	5
2120	5	 270	31	15	0	0	0	1	0	6
872	3	 255	46	16	0	2	0	0	1	4
1665	4	 309	31	16	1	0	0	0	1	4
0	1	 156	38	12	0	2	0	0	1	4
2151	5	 177	32	16	0	1	1	0	1	6
0	1	 286	61	13	0	0	0	0	1	6
1724	4	 510	40	14	1	1	0	0	1	6
1211	3	 295	26	12	1	1	0	0	1	5
1792	5	 302	49	9	0	0	0	1	1	5
0	1	 130	31	12	1	1	0	1	1	5
2047	5	 349	34	12	0	1	1	0	1	4
1908	5	 352	40	16	0	2	0	0	1	4
126	2	 63	63	12	0	0	0	0	0	12
1510	4	 180	33	12	0	2	0	1	0	6
0	1	 1070	55	14	0	0	0	0	1	3
2046	5	 80	53	17	0	0	0	1	0	5
0	1	 79	59	7	1	0	1	1	0	9
2000	5	 270	36	12	1	1	1	1	1	9
448	2	 55	34	8	0	1	0	1	0	9
0	1	 143	34	12	1	1	0	0	1	17
0	1	 240	36	6	0	2	0	1	1	4
1795	5	 326	38	10	0	0	1	1	0	4
688	2	 136	33	12	0	2	0	1	0	3
0	1	 224	50	11	0	1	0	0	1	6
772	3	 110	28	10	0	3	0	1	0	6
1416	4	 29	61	5	0	0	0	1	1	6
223	2	 121	24	12	1	0	0	1	1	5
0	1	 80	28	12	1	1	0	1	0	10
2145	5	 48	30	12	0	0	0	1	0	9
1968	5	 230	33	12	1	0	0	1	0	6
0	1	 132	26	12	0	1	0	0	0	10
0	1	 371	32	12	0	2	0	0	1	10
0	1	 350	25	13	1	0	0	0	0	10
1868	5	 81	52	12	0	0	0	0	0	5
52	2	 201	29	13	1	0	0	0	1	5
1188	3	 372	35	14	1	1	0	0	1	4
820	3	 541	37	13	0	2	0	0	1	5
0	1	 207	26	12	1	1	0	0	0	5
3456	6	 6	50	12	0	0	0	0	0	5
2160	5	 310	32	10	0	0	0	0	1	5
0	1	 522	36	12	1	1	0	0	1	5
0	1	 166	57	7	0	0	0	1	0	7
0	1	 59	24	10	3	1	0	1	0	7
1016	3	 172	26	12	1	0	0	1	0	7
1141	3	 185	28	12	2	1	0	1	1	7
2860	6	 20	51	11	0	0	0	1	0	7
1976	5	 11	31	16	1	1	0	1	0	7
0	1	 300	31	12	2	0	0	0	1	8
2156	5	 280	34	16	2	0	0	1	1	6
0	1	 192	52	12	0	0	0	0	1	4
0	1	 190	26	13	2	0	0	1	0	6
0	1	 70	24	12	2	0	0	1	0	4
208	2	 100	22	12	2	0	0	1	0	4
0	1	 161	39	12	0	1	2	1	1	4
2040	5	 320	33	17	0	0	0	1	1	3
0	1	 201	55	12	0	1	0	1	1	4
1936	5	 230	33	13	2	0	0	1	1	3
2000	5	 223	31	11	0	2	1	1	1	4
0	1	 109	61	8	0	0	0	1	1	4
2068	5	 300	35	14	0	1	1	1	0	3
1996	5	 193	34	14	0	1	1	1	1	5
0	1	 345	53	12	0	0	0	0	1	4
2060	5	 151	27	13	0	0	0	0	1	5
1984	5	 151	33	10	0	1	0	1	1	3
172	2	 61	26	12	0	0	0	1	1	4
0	1	 129	29	11	1	2	0	1	0	3
2030	5	 93	24	12	0	0	0	1	0	3
2538	6	 134	26	12	1	1	0	1	1	4
1800	5	 328	33	12	2	0	0	1	1	4
0	1	 166	24	12	3	0	0	1	0	4
1616	4	 183	34	12	1	3	0	1	1	4
1920	5	 60	35	12	0	0	1	1	1	4
1999	5	 86	57	12	0	0	0	0	1	4
0	1	 97	63	6	0	0	0	1	1	4
2000	5	 130	36	12	0	1	2	1	1	4
1840	5	 180	28	15	1	0	0	1	0	4
2032	5	 236	26	12	1	0	0	0	1	4
105	2	 383	29	12	1	1	0	0	1	4
1631	4	 135	34	10	0	1	2	1	0	4
960	3	 69	33	10	0	0	0	1	1	4
2040	5	 200	30	12	0	0	0	0	1	4
0	1	 131	19	12	1	0	0	0	0	5
2200	5	 301	34	13	0	1	1	0	1	4
2040	5	 210	31	10	1	3	0	0	1	4
2040	5	 269	52	10	0	0	0	0	1	4
0	1	 332	28	12	1	1	0	0	1	4
1664	4	 185	20	9	1	0	0	0	0	4
0	1	 571	55	11	0	0	0	0	1	3
0	1	 78	25	12	0	0	0	1	0	6
1920	5	 255	40	10	1	0	0	1	1	6
0	1	 55	48	8	0	0	0	1	1	7
0	1	 88	20	11	0	0	0	0	0	7
2245	5	 237	41	12	0	0	1	0	1	8
1296	4	 280	31	12	0	1	0	0	1	7
0	1	 211	36	12	1	0	0	1	1	4
1064	3	 20	44	15	0	2	1	1	1	4
0	1	 328	63	10	0	0	0	1	1	4
645	2	 332	37	12	0	2	1	0	1	4
1836	5	 387	33	12	0	3	0	1	1	4
1596	4	 213	35	12	0	3	0	1	1	4
1960	5	 190	34	12	1	2	0	1	1	4
1708	4	 505	58	11	0	2	0	1	1	4
0	1	 160	30	12	0	1	0	1	1	4
0	1	 158	28	12	1	2	0	1	0	4
216	2	 120	20	14	1	0	0	1	0	4
2050	5	 220	26	14	2	0	0	1	1	4
1236	3	 187	19	11	2	1	0	1	0	4
1348	4	 126	42	11	0	1	0	1	0	4
1935	5	 80	39	12	0	0	0	1	1	4
1928	5	 165	64	10	0	1	0	1	1	4
1016	3	 110	34	15	2	1	0	1	0	3
434	2	 140	38	14	1	2	0	1	0	4
2558	6	 4	51	11	0	0	0	1	1	6
1297	4	 160	32	12	1	2	0	1	1	5
2000	5	 114	28	12	1	2	0	1	1	6
1568	4	 18	28	12	1	2	0	1	0	6
1560	4	 65	24	14	1	0	0	1	1	6
2008	5	 160	24	12	1	0	0	1	0	6
1760	5	 130	31	16	1	0	0	1	0	6
1720	4	 108	29	16	1	1	0	1	1	5
2318	6	 132	45	14	0	0	1	1	1	6
1960	5	 130	29	16	1	0	0	1	1	6
1766	5	 90	32	10	1	1	1	1	1	6
1896	5	 178	28	12	0	0	0	1	1	6
0	1	 55	28	10	0	0	0	1	0	6
0	1	 642	50	9	0	1	1	1	1	8
0	1	 166	21	12	2	0	0	0	0	8
0	1	 243	31	12	1	0	0	0	0	6
2344	6	 263	23	12	0	0	0	0	1	4
2380	6	 171	30	12	1	1	0	0	1	4
352	2	 292	48	9	0	0	0	0	1	4
1920	5	 250	57	12	0	0	0	1	1	5
2064	5	 150	38	12	0	0	0	1	0	5
1170	3	 350	35	9	0	0	2	1	0	5
1912	5	 367	34	16	0	2	0	1	0	8
528	2	 201	29	16	1	0	0	1	0	6
0	1	 303	59	9	0	0	0	1	1	6
1705	4	 153	31	12	1	1	0	1	1	4
1816	5	 365	32	16	1	0	0	1	1	6
1214	3	 158	37	9	1	1	2	1	1	6
0	1	 87	29	12	1	1	0	1	1	6
0	1	 171	23	7	2	0	0	1	1	5
1959	5	 166	22	12	0	0	0	1	1	5
1992	5	 270	48	12	0	0	1	0	1	5
2080	5	 345	24	14	0	0	0	0	1	6
1938	5	 280	26	13	0	0	0	0	1	5
1560	4	 126	28	15	2	1	0	1	0	6
2080	5	 110	30	12	2	1	0	1	1	6
1896	5	 160	34	13	0	0	0	1	0	6
0	1 	 320	33	11	0	1	0	1	0	9
0	1	 240	32	12	0	3	0	1	1	6
0	1	 278	50	9	0	0	0	1	0	8
2076	5	 100	26	14	1	0	0	1	0	8
0	1	 68	25	9	2	1	0	1	0	8
0	1	 329	42	10	1	0	1	1	1	8
650	2	 170	29	12	2	1	0	0	0	6
0	1	 200	46	12	0	0	2	0	0	5
2400	6	 266	36	14	1	1	0	1	0	4
2000	5	 113	23	12	0	0	0	1	0	9
1312	4	 15	24	14	1	1	0	1	0	9
0	1	 148	26	9	2	3	0	1	0	9
1500	4	 263	38	14	0	0	1	1	1	6
644	2	 150	36	12	0	4	0	1	0	6
624	2	 233	39	12	0	1	2	1	1	6
1568	4	 215	28	12	1	2	0	1	0	6
1828	5	 302	30	13	0	4	0	1	1	2
2467	6	 219	29	13	0	2	0	0	0	5
1651	4	 296	49	14	0	0	6	1	1	7
0	1	 189	26	14	1	1	0	1	0	4
1717	4	 270	36	12	0	2	1	1	1	4
1388	4	 542	40	17	0	0	0	0	1	6
0	1	 82	51	12	0	0	0	1	0	7
1384	4	 164	24	14	2	0	0	1	0	7
1880	5	 57	37	12	0	0	0	0	1	5
1992	5	 160	36	12	1	1	0	1	1	9
1664	4	 75	25	10	0	0	0	1	0	9
1071	3	 200	60	7	0	0	0	1	1	3
1944	5	 149	49	11	0	0	0	0	1	6
2492	6	 258	32	12	0	0	0	0	1	6
2000	5	 240	31	12	0	0	0	0	1	7
0	1	 295	35	15	0	1	0	1	1	9
1937	5	 170	23	14	1	0	0	1	0	9
80	2	 240	26	13	0	1	0	1	0	9
2232	5	 390	37	14	0	0	0	0	1	4
0	1	 650	53	12	0	0	0	1	1	4
1785	5	 78	44	10	0	1	0	0	0	4
1780	5	 239	50	12	0	0	0	0	1	4
1512	4	 92	22	12	1	0	0	0	1	4
2352	6	 242	47	8	0	0	0	0	0	5
2006	5	 127	19	12	1	0	0	0	0	5
2295	6	 210	31	8	0	2	0	0	1	3
170	2	 218	36	12	1	0	0	0	0	5
1300	4	 161	29	14	0	2	0	1	0	7
1645	4	 332	39	12	0	2	0	0	1	4
408	2	 370	38	12	0	2	1	0	1	3
1944	5	 335	34	12	0	1	0	0	1	5
0	1	 368	29	14	1	2	0	1	1	6
2000	5	 181	32	10	0	2	0	0	1	6
2016	5	 263	33	12	1	1	0	0	1	4
1984	5	 300	33	13	2	0	0	0	1	5
344	2	 135	49	12	0	0	1	1	1	9
2000	5	 400	42	13	0	0	0	1	1	9
2000	5	 0	55	12	0	0	0	1	1	6
0	1	 119	62	6	0	0	0	0	1	9
0	1	 120	18	8	2	0	0	0	0	9
2020	5	 348	41	12	1	2	0	0	1	4
325	2	 358	27	10	1	1	0	1	1	7
1904	5	 250	49	11	0	0	0	1	0	5
0	1	 52	27	13	3	0	0	1	0	5
0	1	 310	23	12	1	1	0	1	1	5
2430	6	 140	32	14	0	0	0	0	1	3
2470	6	 350	26	14	0	0	0	0	0	4
0	1	 893	62	12	0	0	0	0	1	3
2030	5	 198	36	12	0	1	0	0	1	9
1040	3	 420	38	12	0	4	1	1	1	5
1600	4	 727	40	17	1	1	1	0	1	3
1470	4	 120	27	12	2	0	0	1	0	5
1896	5	 342	29	12	0	0	0	1	0	5
0	1	 435	31	14	1	1	0	0	1	4
1960	5	 267	37	12	0	1	0	1	0	4
418	2	 300	39	12	0	1	1	0	1	4
1885	5	 470	56	10	0	0	0	0	1	4
2108	5	 280	29	12	0	0	0	0	1	3
2000	5	 190	44	12	0	0	0	1	0	6
0	1	 240	51	12	0	0	1	1	1	6
1300	4	 64	33	11	0	0	0	1	0	9
1920	5	 153	45	14	0	1	0	1	1	9
355	2	 300	24	13	2	0	0	1	0	5
99	2	 260	51	10	0	0	0	0	1	6
0	1	 200	22	12	2	0	0	0	0	4
900	3	 263	28	12	1	2	0	0	1	5
1960	5	 371	33	12	0	1	1	0	1	5
48	2	 300	31	12	0	3	0	0	1	4
0	1	 821	34	12	1	1	0	0	1	3
274	2	 285	26	12	1	0	0	0	1	7
0	1	 347	51	12	0	0	1	0	1	4
0	1	 102	59	10	0	0	0	0	0	11
1164	3	 90	33	11	0	2	0	0	0	11
1002	3	 505	34	16	2	0	0	0	1	9
2116	5	 160	30	12	0	1	0	0	0	11
2358	6	 98	28	14	1	0	0	0	0	11
0	1	 91	48	10	2	0	0	1	1	9
1932	5	 406	32	11	0	1	0	1	1	9
936	3	 353	31	16	1	1	0	1	0	3
1449	4	 278	49	10	0	0	0	1	1	5
2080	5	 10	26	12	0	0	0	0	0	5
1837	5	 663	40	13	0	0	1	0	1	4
2027	5	 0	40	12	0	0	0	0	0	6
0	1	 125	38	12	1	1	2	0	1	7
0	1	 620	35	15	0	2	0	0	0	5
2080	5	 182	36	14	0	1	1	1	1	5
1813	5	 300	33	12	0	2	1	1	0	7
620	2	 200	29	14	0	0	0	1	0	5
0	1	 160	24	12	2	0	0	1	0	5
512	2	 132	29	11	1	4	0	1	0	5
836	3	 298	32	14	2	1	0	1	0	3
2624	6	 162	40	9	0	1	1	1	1	4
1015	3	 180	26	12	3	0	0	1	0	4
3072	6	 221	33	12	0	2	1	1	1	4
2500	6	 533	41	11	0	3	2	1	1	4
604	2	 449	41	12	0	0	0	0	1	5
2000	5	 240	22	12	0	0	0	0	1	5
2040	5	 110	38	16	1	0	1	1	0	5
1194	3	 124	37	13	1	2	0	1	0	5
0	1	 77	55	8	0	0	0	1	0	5
1600	4	 260	26	11	2	0	0	1	1	5
780	3	 93	49	3	1	0	0	1	1	5
0	1	 93	30	11	1	0	0	1	1	5
2856	6	 280	36	12	0	1	0	1	0	2
0	1	 156	59	9	0	0	0	1	1	5
1973	5	 70	25	12	1	0	0	1	1	6
1923	5	 80	30	12	2	2	0	1	0	5
0	1	 155	41	10	0	0	0	0	0	7
1995	5	 412	28	16	0	1	0	0	1	3
2100	5	 140	26	12	1	1	0	1	0	4
1880	5	 120	34	12	2	1	0	1	0	4
786	3	 506	38	16	0	2	0	1	1	4
1506	4	 58	63	3	0	0	0	1	0	4
1299	4	 105	34	12	0	0	2	1	0	4
2062	5	 331	35	15	0	2	0	0	0	4
1806	5	 220	21	14	0	0	0	0	0	4
0	1	 1130	43	12	0	1	0	0	1	4
1400	4	 15	18	12	0	0	0	0	0	4
1936	5	 303	42	12	0	0	0	1	1	4
1506	4	 193	58	13	0	0	1	1	1	8
0	1	 136	55	12	0	0	0	1	1	8
1296	4	 163	23	14	0	0	0	1	0	2
1340	4	 222	38	17	1	1	1	0	1	11
1446	4	 110	33	12	0	3	0	1	1	7
1247	3	 81	20	12	1	0	0	1	0	6
1996	5	 237	29	12	0	1	0	1	0	5
1880	5	 150	52	10	0	0	0	1	1	6
2016	5	 270	39	12	0	0	0	1	1	6
0	1	 132	35	8	0	2	1	1	0	8
0	1 	 120	31	8	0	1	1	1	0	8
1916	5	 297	34	16	0	2	0	1	1	4
0	1	 48	58	12	0	0	0	1	1	4
200	2	 140	26	9	2	0	0	1	0	5
161	2	 153	32	12	1	3	0	1	1	5
1796	5	 140	39	12	0	0	0	1	0	4
1764	5	 130	29	11	3	0	0	1	0	5
0	1	 271	29	11	0	2	0	1	1	7
0	1	 150	31	10	1	2	1	1	1	7
1875	5	 141	59	7	0	0	0	1	1	5
1920	5	 542	41	17	1	1	0	1	1	4
1562	4	 161	39	11	1	0	1	0	1	11
468	2	 48	37	12	0	1	0	1	0	6
1560	4	 218	24	9	1	1	0	1	1	7
1912	5	 300	31	12	1	1	0	1	0	6
1798	5	 130	29	15	0	1	0	1	0	7
1960	5	 272	32	14	1	0	0	1	0	5
0	1	 330	30	16	2	1	0	0	0	4
1152	3	 1298	60	12	0	0	1	0	1	3
0	1	 312	27	12	3	0	0	0	0	3
1944	5	 486	33	16	0	0	0	0	1	3
2182	5	 235	26	13	0	0	0	0	0	3
2080	5	 88	38	17	0	1	0	1	0	2
1100	3	 531	37	11	0	1	0	0	1	2
105	2	 807	30	13	0	2	0	0	1	5
1940	5	 270	39	14	0	0	1	0	1	6
0	1	 552	25	12	2	0	0	0	1	3
0	1	 700	32	14	1	0	0	0	1	4
816	3	 315	29	12	1	0	0	0	1	3
1228	3	 262	27	16	1	0	0	0	1	3
2040	5	 101	27	12	0	1	0	1	1	5
0	1	 56	26	16	2	1	0	1	0	5
1075	3	 86	47	11	0	0	0	1	0	5
1920	5	 480	32	14	0	0	0	1	1	9
1956	5	 350	30	11	0	2	0	1	1	9
1080	3	 121	26	13	1	0	0	1	1	9
0	1	 413	48	12	0	0	0	0	1	5
2862	6	 166	31	17	0	0	0	0	0	2
2080	5	 223	28	16	0	0	0	0	0	4
1822	5	 480	43	12	0	0	0	0	1	5
1940	5	 361	30	12	0	0	0	0	1	4
0	1	 439	36	12	0	2	3	0	1	5
1536	4	 143	32	17	0	0	0	0	1	6
1840	5	 92	35	12	1	0	0	0	1	5
2223	5	 316	40	14	1	2	0	0	1	3
2040	5	 200	38	12	1	1	0	0	1	6
1960	5	 280	23	16	0	0	0	0	0	3
1713	4	 310	53	11	0	0	0	0	1	4
1484	4	 250	32	15	0	0	0	0	0	4
2000	5	 180	28	12	1	0	0	0	1	4
0	1	 181	41	10	1	0	0	1	1	4
624	2	 165	63	5	0	0	0	1	0	4
516	2	 140	31	12	0	3	0	1	1	4
522	2	 200	20	12	1	0	0	1	0	6
1038	3	 354	46	12	0	0	0	0	1	4
1610	4	 350	25	11	1	0	0	0	0	4
756	3	 313	30	14	1	1	0	1	1	6
1312	4	 93	24	12	1	0	0	1	0	6
696	2	 125	29	16	2	0	0	1	1	6
2220	5	 261	33	16	1	0	0	1	1	6
0	1	 360	29	13	2	0	0	1	1	6
744	2	 267	24	13	3	0	0	1	0	5
535	2	 255	31	13	1	1	0	1	1	9
0	1	 195	29	11	1	1	0	1	1	9
0	1	 124	29	12	3	1	0	1	0	9
650	2	 279	33	12	0	3	0	1	0	9
184	2	 13	24	11	1	0	0	1	1	9
60	2	 6 	51	11	0	0	0	1	1	9
2000	5	 398	41	13	0	0	0	0	1	3
592	2	 174	32	10	0	2	0	0	0	7
27	2	 236	32	14	2	1	2	0	1	7
184	2	 143	59	6	0	0	1	0	1	7
2175	5	 249	33	12	0	3	0	0	0	7
1048	3	 174	58	11	0	0	0	1	1	5
1100	3	 82	27	12	1	1	0	1	0	5
980	3	 144	41	11	0	0	0	1	0	5
1536	4	 230	40	12	0	2	0	1	1	5
0	1	 15	25	12	1	0	0	1	0	6
455	2	 112	26	12	2	0	0	1	0	6
1815	5	 251	35	12	1	2	1	1	0	6
2040	5	 27	40	14	0	1	0	0	0	6
1920	5	 252	36	13	1	1	3	0	0	6
1376	4	 300	23	9	1	1	0	1	1	5
410	2	 101	19	9	2	0	0	1	1	5
2397	6	 825	50	12	1	0	0	1	1	5
2269	6	 210	23	12	1	0	0	1	0	5
2040	5	 210	22	10	1	0	0	0	1	7
1176	3	 92	21	12	0	0	0	0	1	7
0	1	 282	53	5	0	0	0	0	1	7
360	2	 41	18	9	1	0	0	0	0	7
0	1	 333	33	8	0	0	1	0	1	3
899	3	 153	24	12	2	0	0	0	0	3
880	3	 67	55	3	0	0	1	1	0	3
0	1	 601	46	11	0	0	0	0	1	6
0	1	 383	57	11	0	0	0	1	1	6
376	2	 226	23	11	0	0	0	1	0	6
2000	5	 330	36	12	0	1	1	1	1	3
2548	6	 180	49	14	1	2	1	1	1	9
1664	4	 350	31	12	2	0	0	0	1	5
0	1	 232	19	9	1	0	0	0	0	6
1656	4	 253	38	10	0	0	1	0	1	3
1200	3	 97	18	12	0	0	0	0	0	3
607	2	 170	47	12	0	0	1	1	0	4
1592	4	 206	24	12	2	1	0	1	1	4
2448	6	 100	30	12	1	0	1	1	1	5
1939	5	 135	30	14	0	0	0	1	1	5
2040	5	 260	32	10	0	2	1	1	1	5
1920	5	 171	35	12	0	1	1	1	1	6
3149	6	 254	32	10	1	2	1	1	0	2
2080	5	 112	39	11	0	0	0	1	1	4
1880	5	 560	39	17	0	2	0	1	1	3
1877	5	 350	31	14	1	0	0	1	1	3
0	1	 76	64	6	0	0	0	1	1	5
1938	5	 436	35	15	0	1	1	1	1	2
2008	5	 340	27	12	0	0	0	1	1	4
1915	5	 160	23	12	0	0	0	1	0	9
670	2	 146	32	12	0	0	0	1	0	4
2060	5	 321	32	7	1	1	0	1	1	7
1984	5	 96	53	8	0	2	1	0	1	7
1983	5	 180	33	12	1	2	0	0	0	7
0	1	 150	27	11	1	1	0	0	0	7
1351	4	 101	33	12	1	1	0	1	0	6
2044	5	 265	35	12	0	2	0	1	1	6
1860	5	 100	29	13	1	2	0	1	1	6
2560	6	 173	39	9	0	1	0	1	0	9
0	1	 250	28	13	4	5	0	1	0	9
648	2	 230	47	13	1	0	0	1	1	5
1960	5	 277	28	16	0	0	0	1	0	6
0	1	 89	38	12	0	1	0	0	0	5
1190	3	 113	27	10	1	2	0	0	0	4
1904	5	 160	34	11	0	2	1	0	1	7
2332	6	 102	51	11	0	0	0	0	1	4
0	1	 547	54	10	0	0	0	1	1	8
0	1	 62	28	13	1	0	0	1	0	8
1896	5	 240	29	12	1	1	0	1	0	6
0	1	 373	58	11	0	0	0	1	1	6
975	3	 360	23	14	1	0	0	0	0	4
822	3	 120	23	14	1	0	0	0	0	3
0	1	 350	30	16	2	1	0	0	1	8
1392	4	 380	27	14	1	0	0	0	1	5
0	1	 197	32	15	1	1	0	0	1	5
1960	5	 50	34	17	1	0	0	0	1	7
2016	5	 466	32	16	1	1	0	1	1	9
2024	5	 15	23	12	2	0	0	1	0	9
1850	5	 150	37	12	0	1	0	0	0	4
0	1	 268	35	9	1	0	0	0	0	6
0	1	 215	32	12	1	1	0	0	1	6
1716	4	 130	47	12	0	0	0	0	1	7
621	2	 190	35	15	2	2	0	0	1	6
0	1	 27	31	11	1	2	0	0	0	6
663	2	 660	40	17	0	1	0	0	1	3
1336	4	 333	40	17	0	2	0	0	1	6
2000	5	 212	29	12	1	0	0	1	1	6
1730	4	 306	36	12	0	1	2	1	1	6
1976	5	 70	21	12	1	0	0	1	0	3
1980	5	 150	34	11	0	0	1	1	0	6
0	1	 142	36	11	0	0	3	0	1	7
2542	6	 169	32	14	1	1	1	0	0	5
1021	3	 170	28	12	1	1	0	0	1	6
1874	5	 235	25	12	0	0	0	0	1	6
1840	5	 133	25	15	1	0	0	1	0	4
0	1	 123	44	11	0	0	1	1	0	5
0	1	 49	24	12	4	0	0	1	0	5
0	1	 124	37	8	0	1	0	0	1	5
1505	4	 122	21	12	1	0	0	0	1	5
0	1	 137	28	11	0	0	0	0	0	5
2400	6	 203	37	11	0	0	0	0	0	4
76	2	 93	25	12	1	0	0	1	0	6
1504	4	 169	33	15	0	0	2	1	0	5
1880	5	 384	39	12	0	0	1	1	1	5
1920	5	 320	42	12	1	0	0	1	1	5
1646	4	 263	36	17	0	0	0	1	1	6
2010	5	 595	42	12	0	0	0	1	1	6
415	2	 210	23	11	0	1	0	1	0	6
1392	4	 18	36	8	2	4	2	1	0	9
2000	5	 32	60	9	0	0	0	1	0	5
2361	6	 60	20	11	1	0	0	1	0	5
2160	5	 36	37	12	0	0	0	0	1	5
2000	5	 200	44	14	0	0	0	1	0	7
2055	5	 391	51	16	0	0	0	0	1	6
1984	5	 333	39	12	0	1	1	0	1	13
0	1	 172	26	13	3	0	0	1	0	4
1376	4	 200	33	14	3	1	0	1	1	3
2805	6	 28	51	12	1	0	0	1	1	4
756	3	 450	33	17	0	2	0	1	1	5
2060	5	 73	45	8	0	0	1	0	1	8
2100	5	 85	42	9	0	0	0	0	1	8
0	1	 70	22	12	3	0	0	0	0	8
0	1	 31	26	8	0	1	0	1	0	6
2000	5	 30	31	12	0	1	1	1	0	6
2916	6	 23	23	14	0	0	0	1	0	6
520	2	 147	25	10	1	1	0	1	0	6
0	1	 154	31	11	1	3	0	1	0	6
532	2	 62	23	11	3	0	0	1	0	6
708	2	 90	28	15	1	0	0	1	0	6
1813	5	 95	29	11	1	0	0	1	0	9
2064	5	 160	34	12	1	0	0	1	0	6
2040	5	 16	53	0	0	0	0	1	0	11
0	1	 44	32	12	2	1	0	1	0	5
2096	5	 61	28	10	0	3	0	1	1	5
0	1	 127	64	6	0	0	0	1	1	6
1828	5	 130	30	17	2	1	0	1	1	6
0	1	 240	35	12	0	0	0	0	0	3
1560	4	 109	43	16	0	1	1	1	1	10
0	1	 230	43	10	0	0	0	0	1	10
0	1	 271	47	10	0	0	1	0	1	6
0	1	 202	28	12	1	1	0	0	1	10
0	1	 177	58	10	0	0	0	1	0	6
1743	4	 110	46	11	0	1	0	0	0	5
1771	5	 413	32	17	0	1	0	1	1	4
1920	5	 365	36	15	0	0	1	1	1	3
0	1	 84	39	10	1	4	1	1	0	6
0	1	 419	57	10	3	0	1	1	0	6
2080	5	 40	27	9	1	1	0	1	0	5
0	1	 103	31	10	2	0	0	1	1	7
2016	5	 110	35	12	0	1	0	1	1	7
0	1	 52	64	7	0	0	0	1	1	7
2046	5	 261	22	12	0	0	0	0	1	7
0	1	 290	38	12	1	1	0	0	1	7
0	1	 144	55	9	0	0	0	0	1	7
312	2	 133	25	12	2	0	0	0	1	7
51	2	 395	44	11	0	3	0	1	1	7
2000	5	 510	37	12	1	2	2	1	1	7
872	3	 120	22	12	1	0	0	1	0	7
1960	5	 165	42	10	2	0	1	1	1	7
0	1	 160	36	13	1	0	0	1	0	5
0	1	 49	24	12	2	0	0	0	1	6
1631	4	 228	48	12	0	0	0	0	1	6
1960	5	 134	50	12	0	0	0	1	1	6
1528	4	 180	33	12	1	2	0	1	0	6
1593	4	 300	35	12	0	1	1	1	1	6
0	1	 20	20	10	3	0	0	1	0	5
1920	5	 281	48	12	0	0	0	1	1	5
2080	5	 220	27	12	2	1	0	1	1	5
2732	6	 395	40	14	0	0	1	1	1	2
1491	4	 420	35	12	0	1	1	0	1	2
1960	5	 167	37	12	0	0	0	1	1	4
1683	4	 117	43	7	0	0	0	1	0	4
138	2	 43	26	12	0	0	0	1	1	6
1040	3	 370	30	17	1	1	0	1	0	8
217	2	 64	35	12	0	3	0	1	1	8
1930	5	 196	40	12	0	2	1	1	0	7
0	1	 150	22	13	2	0	0	1	0	6
1952	5	 320	34	12	0	0	0	1	1	7
48	2	 98	29	8	0	3	0	1	0	7
2310	6	 322	38	10	1	0	0	1	1	7
2792	6	 247	28	13	0	0	0	1	0	7
1863	5	 295	55	10	0	0	0	1	1	7
2128	5	 90	37	17	0	0	0	0	1	4
1208	3	 230	30	9	0	0	0	1	0	9
0	1	 257	25	14	2	0	0	1	1	9
920	3	 556	44	16	0	1	1	1	1	9
1308	4	 6 	41	12	0	3	0	0	0	7
0	1	 299	25	12	3	1	0	0	1	8
1985	5	 510	49	12	0	0	0	1	1	5
1912	5	 78	39	13	0	0	2	1	1	4
334	2	 83	20	13	0	0	0	1	1	4
1824	5	 460	34	16	1	1	0	1	1	11
0	1	 82	58	9	0	1	0	1	1	11
0	1	 91	23	12	3	1	0	1	1	11
1848	5	 85	34	10	0	2	1	1	1	11
0	1	 107	50	12	0	0	0	1	1	9
0	1	 542	45	12	0	2	0	0	1	6
2384	6	 322	34	12	1	1	1	1	1	6
0	1	 265	29	12	2	1	0	0	1	5
1312	4	 130	31	12	1	0	0	0	1	5
1932	5	 197	37	12	0	2	1	0	1	5
0	1	 125	61	12	0	0	0	0	1	11
1760	5	 98	26	13	2	0	0	0	0	2
0	1	 350	28	12	1	2	0	0	0	6
2180	5	 222	23	15	0	0	0	1	1	5
1241	3	 272	27	12	1	0	0	1	1	5
0	1	 250	52	12	0	1	1	1	1	5
1512	4	 90	25	12	0	0	0	1	0	5
1650	4	 164	29	14	1	1	0	1	0	5
40	2	 175	43	11	0	0	0	0	1	5
0	1	 168	25	14	1	0	0	1	0	5
2999	6	 148	27	15	0	0	0	1	0	5
0	1	 132	56	10	1	1	1	1	1	11
1800	5	 159	33	11	1	0	0	1	1	4
245	2	 130	18	9	2	0	0	0	0	3
1898	5	 203	26	11	1	2	0	0	0	3
344	2	 210	27	13	1	0	0	1	0	8
0	1	 529	40	14	1	1	0	1	1	6
2480	6	 70	27	17	0	0	0	0	0	5
1442	4	 175	39	12	0	1	1	0	1	6
1840	5	 494	42	12	0	0	2	0	0	4
1920	5	 145	21	12	0	0	0	0	0	5
0	1	 80	25	13	3	2	0	1	0	7
0	1	 271	58	6	0	0	0	1	1	7
1943	5	 250	27	12	2	0	0	1	1	7
0	1	 190	33	12	0	1	0	1	1	5
1960	5	 250	47	11	0	1	0	1	1	9
1928	5	 260	25	14	0	1	0	1	0	9
2344	6	 93	25	12	1	0	0	1	0	9
1922	5	 120	25	14	0	0	0	1	0	9
0	1	 154	34	12	0	1	0	0	1	4
1424	4	 300	28	12	1	0	0	0	1	5
800	3	 83	45	9	0	2	1	0	1	4
0	1	 382	45	12	0	0	0	0	1	5
0	1	 70	26	10	2	3	0	1	0	6
428	2	 255	32	8	2	1	0	1	0	6
2600	6	 230	30	14	0	0	0	1	0	6
348	2	 170	55	12	0	0	1	1	0	9
972	3	 64	46	8	0	0	0	0	0	8
0	1	 300	27	12	1	1	0	0	0	8
1936	5	 200	23	12	0	0	0	0	1	8
1304	4	 320	31	15	0	0	0	1	0	6
1960	5	 171	28	15	0	0	1	1	0	8
0	1	 337	56	14	0	0	0	1	1	9
0	1	 170	27	12	2	1	0	1	1	21
1952	5	 276	33	13	0	1	0	1	1	5
492	2	 85	21	11	1	0	0	1	0	6
1940	5	 106	21	12	1	0	0	1	0	6
0	1	 250	47	9	0	0	0	0	0	6
2084	5	 205	50	7	0	0	1	1	1	4
2072	5	 128	30	9	1	1	1	1	0	4
1916	5	 160	26	12	0	2	0	1	1	4
0	1	 1	28	10	1	3	0	1	0	4
2920	6	 130	23	12	2	0	0	0	0	7
1912	5	 168	31	14	1	2	0	1	0	5
1888	5	 262	32	11	1	1	0	1	1	6
1828	5	 318	52	3	0	0	1	1	1	11
1776	5	 140	28	12	2	0	0	1	0	11
0	1	 206	50	8	0	0	0	0	1	6
1754	5	 110	23	14	0	0	0	0	0	6
1290	4	 144	55	12	0	0	0	1	1	6
520	2	 173	25	13	1	0	0	1	0	4
2205	5	 138	30	13	2	0	0	0	1	7
735	2	 440	33	12	1	1	0	0	1	7
172	2	 146	21	12	2	0	0	0	0	7
1944	5	 258	44	12	0	0	0	1	1	5
941	3	 140	18	11	0	0	0	0	0	7
2607	6	 171	57	16	0	0	0	0	1	6
1927	5	 210	26	14	0	0	0	0	0	6
2014	5	 120	27	15	0	0	0	0	0	6
0	1	 52	21	12	1	0	0	0	0	5
0	1	 107	37	10	0	0	2	0	0	5
2140	5	 53	39	14	0	1	1	0	0	5
1581	4	 411	44	12	0	0	0	0	1	5
2024	5	 380	26	13	0	1	0	0	1	5
1138	3	 664	52	16	0	0	0	0	1	5
0	1	 312	57	12	0	0	0	1	0	6
1928	5	 0	31	14	1	1	0	1	0	6
1972	5	 513	56	12	1	0	0	1	1	2
1976	5	 280	33	16	1	0	0	1	1	2
1960	5	 213	29	14	0	1	0	1	1	3
1616	4	 150	29	12	0	1	0	1	0	6
2064	5	 390	52	12	0	1	0	1	1	6
2022	5	 304	30	12	1	2	0	1	1	6
1928	5	 0	56	12	0	0	0	1	1	6
1754	5	 141	34	17	1	1	0	1	0	6
2072	5	 330	25	14	1	1	0	1	1	6
2500	6	 157	29	12	0	0	0	1	1	6
1832	5	 1260	33	16	0	0	0	0	1	3
2000	5	 230	56	12	0	0	0	0	1	7
1752	5	 114	24	16	0	0	0	0	0	7
0	1	 184	27	9	0	2	0	0	1	7
2000	5	 290	26	10	1	0	0	0	1	6
1862	5	 415	46	9	0	1	0	0	1	7
90	2	 235	24	10	1	1	0	0	1	7
160	2	 130	29	14	1	3	0	1	0	5
1887	5	 53	27	10	0	2	0	1	0	5
0	1	 301	21	8	1	0	0	1	0	5
822	3	 177	25	9	2	2	0	1	1	5
0	1	 108	19	10	2	0	0	1	0	5
2242	5	 608	40	17	0	0	0	1	1	8
0	1	 382	58	11	0	1	2	1	1	6
3305	6	 176	33	16	0	0	0	1	0	6
1968	5	 68	24	12	0	0	0	1	0	6
346	2	 0	23	12	2	0	0	1	0	6
2045	5	 130	33	13	0	0	1	1	0	6
1965	5	 300	38	14	1	0	1	1	1	5
1107	3	 156	28	14	0	2	0	1	0	5
360	2	 183	49	9	0	0	1	1	1	5
1543	4	 220	34	14	0	0	0	1	1	5
1820	5	 291	26	13	2	0	0	1	1	5
0	1	 130	25	12	3	0	0	0	0	3
0	1	 143	26	11	2	1	0	1	0	7
0	1	 365	22	11	3	0	0	1	1	7
17	2	 408	36	12	0	2	0	0	1	10
0	1	 379	36	15	0	0	1	0	1	10
0	1	 120	22	12	0	0	0	0	0	10
1960	5	 135	24	13	0	0	0	0	1	7
211	2	 109	20	11	1	0	0	0	0	7
0	1	 142	58	0	0	0	0	0	1	5
440	2	 381	28	14	2	0	0	0	1	5
1507	4	 418	27	13	3	0	0	0	1	5
1632	4	 393	38	12	0	3	1	0	1	5
0	1	 163	46	4	0	1	0	0	1	5
733	2	 160	36	9	0	1	3	0	0	8
2272	6	 320	39	10	0	1	1	0	0	3
0	1	 381	42	6	1	0	0	1	1	5
2000	5	 303	38	12	0	0	0	0	0	4
1649	4	 155	32	12	1	0	1	0	0	3
1645	4	 180	30	12	1	0	0	0	1	4
0	1	 247	63	0	2	3	0	1	1	6
2112	5	 223	26	12	1	0	0	1	0	9
1248	3	 75	62	7	0	0	0	1	1	6
1912	5	 270	41	12	1	1	0	1	1	6
1930	5	 370	54	11	0	0	0	0	1	2
0	1	 550	33	12	1	2	0	0	1	5
0	1	 232	57	12	0	0	0	0	1	3
826	3	 76	29	12	2	1	1	1	0	9
0	1	 103	41	10	0	1	0	0	0	5
1528	4	 79	24	12	0	0	0	0	0	4
1850	5	 305	26	16	0	0	0	0	1	4
0	1	 342	30	12	0	0	0	0	1	7
744	2	 271	25	16	1	0	0	0	1	5
0	1	 441	40	10	0	1	1	0	1	6
0	1	 350	49	10	0	0	1	0	0	4
15	2	 16	22	10	1	0	0	1	0	5
2040	5	 140	38	12	1	1	0	1	0	5
1512	4	 489	49	13	0	0	1	1	1	6
462	2	 50	23	12	3	0	0	1	0	9
1467	4	 642	56	12	0	0	0	0	1	3
0	1	 860	34	12	1	1	0	0	1	3
1182	3	 203	36	16	0	0	0	0	0	6
2000	5	 391	54	8	0	0	0	1	1	6
2100	5	 325	29	12	2	0	0	1	0	3
2000	5	 310	38	12	0	2	0	1	1	3
2040	5	 454	39	16	0	0	1	1	1	6
1715	4	 76	25	12	0	1	0	1	0	6
1536	4	 327	21	12	1	0	0	0	1	5
1970	5	 615	44	16	0	0	0	0	1	5
1780	5	 624	39	12	0	1	2	0	1	7
2259	6	 395	27	12	1	1	0	0	1	5
2141	5	 459	52	12	0	0	0	0	1	5
1768	5	 146	22	12	1	0	0	1	0	6
1246	3	 325	35	12	1	1	0	0	1	5
2080	5	 529	37	12	0	1	2	0	1	7
0	1	 214	57	11	0	0	0	0	1	5
0	1	 95	47	6	1	0	1	1	0	6
185	2	 250	30	9	1	2	0	1	0	5
0	1	 83	18	7	4	0	1	1	1	5
0	1	 260	25	11	2	1	0	1	1	6
0	1	 323	34	12	0	2	2	1	1	6
1960	5	 199	32	13	0	0	0	1	0	6
1518	4	 520	35	16	2	0	0	1	1	11
2296	6	 431	34	12	0	1	0	1	1	6
0	1	 430	40	12	0	2	1	1	1	4
1976	5	 300	30	14	1	0	0	1	1	4
1736	4	 270	41	12	0	0	1	0	1	6
955	3	 42	29	16	1	2	0	0	1	5
608	2	 62	48	6	0	0	0	1	0	5
59	2	 52	29	5	0	1	1	1	0	5
0	1	 251	37	11	1	2	1	1	0	5
1514	4	 225	34	17	2	0	0	1	1	5
1268	4	 191	27	15	0	0	0	1	0	5
581	2	 70	22	12	0	0	0	1	0	4
2160	5	 176	31	14	1	0	0	0	0	3
1715	4	 140	27	12	0	0	0	0	0	6
200	2	 400	29	16	2	0	0	0	1	6
0	1	 370	34	13	1	1	1	1	1	7
0	1	 124	60	7	0	0	0	1	0	7
1681	4	 70	25	12	2	0	0	1	0	7
1587	4	 188	38	12	1	3	2	1	0	7
0	1	 54	64	4	0	0	0	1	0	6
1688	4	 271	42	14	0	0	0	1	0	5
1051	3	 287	40	12	0	1	1	0	1	4
1872	5	 15	52	8	0	1	0	0	0	7
0	1	 48	24	8	2	0	0	0	0	7
963	3	 40	24	15	1	0	0	1	0	5
1960	5	 770	40	17	0	1	0	0	1	9
0	1	 729	29	16	2	0	1	0	1	7
790	3	 211	25	13	0	0	0	1	1	5
0	1	 323	55	12	0	0	0	1	1	5
0	1	 200	33	12	0	1	0	1	0	5
0	1	 120	25	12	2	0	0	1	0	5
1735	4 	 321	31	12	0	1	1	1	0	5
1968	5	 304	29	12	0	2	0	0	1	9
0	1	 154	32	11	0	3	0	0	0	9
1928	5	 480	39	12	0	0	1	1	1	2
1560	4	 97	24	12	0	0	0	1	0	6
1545	4	 10	29	12	3	0	0	1	0	6
1944	5	 561	41	15	0	1	0	1	1	7
2165	5	 251	21	12	0	0	0	0	0	3
0	1	 288	58	10	0	0	0	0	1	5
2115	5	 50	37	12	0	2	2	0	1	5
255	2	 345	32	12	1	1	0	0	1	5
1868	5	 200	27	14	0	0	0	0	1	4
1913	5	 173	29	16	0	0	0	0	0	4
1760	5	 386	48	12	0	0	0	0	1	4
563	2	 333	28	14	2	0	0	0	1	5
0	1	 200	33	12	1	1	0	1	1	4
1648	4	 378	54	11	0	0	0	1	1	4
2070	5	 91	20	12	0	0	0	1	1	2
2020	5	 80	49	8	0	0	0	1	1	4
1960	5	 210	33	12	0	2	0	1	1	4
2000	5	 130	27	12	1	1	0	1	0	4
1984	5	 40	62	9	0	0	0	1	1	4
1742	4	 195	35	12	0	0	1	1	1	4
2050	5	 280	26	12	0	0	0	1	1	6
1880	5	 270	31	12	1	0	0	1	1	4
1040	3	 100	48	10	0	0	0	1	1	11
1297	4	 260	21	14	2	0	0	1	0	5
1092	3	 270	53	12	0	0	0	0	1	4
880	3	 316	27	12	2	0	0	0	1	8
2500	6	 175	23	16	0	0	0	0	0	9
1883	5	 -139	25	15	0	0	0	0	0	4
0	1	 416	41	12	1	1	1	0	1	8
876	3	 33	64	5	0	0	0	1	1	11
2104	5	 129	32	12	0	2	0	0	1	9
1300	4	 156	42	14	1	1	1	1	0	9
0	1	 130	46	7	1	0	1	1	1	9
1368	4	 50	31	12	1	1	0	1	0	9
595	2	 36	33	13	0	0	0	0	0	9
2722	6	 109	31	13	0	3	0	0	1	9
500	2	 365	37	17	0	2	0	0	1	9
1960	5	 214	39	14	0	0	0	1	1	9
1376	4	 285	37	16	0	1	1	1	0	9
1908	5	 205	32	14	1	0	0	0	1	8
0	1	 200	43	11	0	2	1	1	1	9
0	1	 76	58	10	0	0	0	0	1	9
524	2	 295	35	12	0	2	0	0	0	9
1736	4	 69	27	12	1	0	0	0	0	9
1296	4	 194	26	12	1	1	0	1	1	9
0	1	 152	55	10	0	0	0	1	1	9
2000	5	 220	31	12	1	1	0	1	0	9
1950	5	 116	30	8	0	4	0	1	0	9
0	1	 123	25	11	3	0	0	1	0	12
300	2	 264	26	12	1	0	0	0	1	9
1984	5	 525	40	14	0	2	1	0	1	9
0	1	 175	62	12	0	0	0	0	1	9
261	2	 96	19	12	1	0	0	0	0	9
1900	5	 8	53	9	0	0	0	1	1	4
2024	5	 313	25	13	0	0	0	1	0	9
0	1	 94	25	12	1	2	0	1	1	11
1146	3	 70	58	13	2	0	0	1	1	11
2162	5	 80	29	11	1	3	0	1	1	11
906	3	 137	49	9	1	0	1	1	1	11
528	2	 90	21	12	4	0	0	1	0	5
1837	5 	 80	28	12	1	2	0	1	1	11
1960	5	 160	27	15	0	1	0	1	1	4
1792	5	 142	35	13	0	3	0	1	1	4
1888	5	 170	27	17	1	0	0	1	1	4
0	1	 280	57	5	0	0	0	1	1	7
0	1	 730	31	9	0	0	0	0	1	4
2732	6	 32	30	13	2	2	0	1	0	3
400	2	 280	22	15	0	0	0	1	0	11
688	2	 324	40	12	1	0	0	1	0	5
0	1	 43	27	12	2	0	0	1	0	5
2008	5	 152	29	13	0	0	2	1	1	3
1560	4	 110	24	13	1	0	0	1	0	6
1269	4	 220	24	14	1	0	0	1	0	5
196	2	 506	31	12	1	1	0	1	1	5
1960	5	 370	28	15	1	0	0	1	0	4
1960	5	 70	32	10	0	1	1	1	0	4
968	3	 145	21	12	1	0	0	1	0	11
0	1	 244	43	12	1	2	1	1	1	6
2040	5	 122	24	12	1	0	0	1	0	7
1712	4	 73	28	13	2	0	0	1	0	7
2340	6	 565	46	12	0	0	2	0	0	4
1967	5	 111	20	12	1	0	0	0	0	4
0	1	 113	27	12	2	0	0	0	0	4
2000	5	 3	33	15	1	0	1	1	1	6
0	1	 191	55	10	0	0	0	1	1	6
2096	5	 240	41	12	0	1	1	1	0	2
1664	4	 135	25	12	1	1	0	1	0	6
2040	5	 270	31	12	0	2	1	1	1	8
612	2	 220	31	9	0	1	0	1	0	6
0	1	 390	61	6	0	0	0	1	0	7
1840	5	 1430	30	17	0	0	0	0	1	6
2389	6	 300	28	12	0	0	0	0	0	3
0	1	 150	22	10	3	0	0	0	1	3
0	1	 88	43	11	0	0	0	0	0	7
970	3	 90	18	10	1	0	0	0	0	7
558	2	 1168	43	16	0	2	1	0	1	5
0	1	 300	33	10	0	0	1	1	0	6
1040	3	 191	38	12	0	1	0	1	0	3
2218	5	 761	38	15	0	0	0	0	1	6
0	1	 66	62	7	0	0	0	0	0	8
760	3	 195	21	12	2	0	0	1	0	6
2080	5	 142	24	16	0	0	0	1	0	3
756	3	 764	40	16	0	1	1	0	1	8
1911	5	 132	27	13	1	0	0	1	0	6
1456	4	 689	46	11	0	0	1	1	1	6
0	1	 374	47	12	0	0	1	1	1	3
0	1	 300	44	11	0	1	0	1	1	6
738	2	 210	25	12	1	1	0	1	0	6
1565	4	 144	25	13	0	0	0	1	0	6
2024	5	 120	27	12	0	1	0	1	0	6
0	1	 87	44	11	1	0	1	1	0	6
1816	5	 317	24	12	1	0	0	1	0	3
622	2	 350	24	10	3	0	0	1	0	6
0	1	 46	26	8	2	0	0	0	0	5
0	1	 95	23	8	1	1	0	1	0	21
1960	5	 806	43	12	0	1	1	0	1	4
1512	4	 430	21	12	0	0	0	0	0	4
362	2	 286	42	12	0	0	1	0	1	5
72	2	 265	49	8	0	0	0	1	1	6
0	1	 46	29	12	1	3	1	1	0	6
1280	4	 80	29	12	0	0	0	1	0	5
1960	5	 752	38	12	0	1	1	1	0	6
1908	5	 172	36	14	0	1	2	1	0	7
0	1	 192	35	13	2	1	1	1	1	7
1500	4	 302	36	12	0	2	0	0	1	5
0	1	 1105	38	16	1	1	0	0	1	6
1927	5	 302	24	12	2	0	0	1	1	5
2000	5	 276	46	12	0	0	0	1	1	6
1982	5	 320	42	14	0	0	0	1	1	2
0	1	 150	26	12	1	0	0	1	1	8
0	1	 260	51	9	0	2	0	1	1	3
2346	6	 82	29	12	1	2	0	1	0	6
1200	3	 96	19	12	2	0	0	1	0	3
0	1	 285	61	9	1	1	0	1	1	6
2000	5	 422	52	12	0	0	0	1	0	6
1040	3	 222	33	11	0	1	2	1	1	6
2201	5	 60	21	12	0	0	0	1	0	6
1872	5	 175	30	12	2	1	0	1	0	6
0	1	 209	46	12	0	0	1	1	1	7
1610	4	 483	43	17	0	2	0	1	1	3
0	1	 76	64	11	0	0	1	1	0	6
0	1	 112	62	10	0	0	0	1	1	4
1761	5	 121	49	9	2	0	1	1	1	4
600	2	 170	29	8	2	2	0	1	1	4
2310	6	 30	26	12	0	0	0	1	0	4
1880	5	 113	25	11	2	0	0	1	1	4
1560	4	 115	47	11	0	1	2	1	1	4
936	3	 61	37	12	1	2	1	1	1	4
301	2	 120	39	12	0	0	0	1	1	16
0	1	 64	62	10	0	0	0	1	0	7
0	1	 153	24	13	2	0	1	1	0	7
129	2	 158	26	12	2	1	0	1	1	6
0	1	 276	37	11	0	0	1	1	1	9
0	1	 190	26	9	1	3	0	1	0	5
0	1	 230	36	10	0	1	1	1	1	7
1763	5	 129	22	12	0	0	0	1	0	4
2000	5	 661	42	16	0	0	0	0	1	5
0	1	 1028	39	15	0	1	1	0	1	4
0	1	 80	40	11	1	2	0	1	0	2
1736	4	 386	29	16	0	0	0	1	1	4
1560	4	 116	33	14	1	2	0	1	1	4
1720	4	 215	27	12	0	1	0	1	1	4
696	2	 80	32	14	1	2	0	1	1	4
2000	5	 29	44	12	0	0	0	1	1	4
125	2	 332	30	12	1	2	0	1	1	4
1719	4	 215	33	17	0	0	0	1	0	4
2050	5	 201	28	13	0	0	0	1	0	6
0	1	 150	25	11	2	1	0	1	0	9
2040	5	 145	52	9	1	0	0	1	1	9
0	1	 200	30	12	2	0	0	1	1	9
1900	5	 230	40	17	0	2	0	0	1	5
1056	3	 158	54	12	0	0	0	1	0	7
648	2	 200	37	13	0	0	1	1	1	7
0	1	 148	52	6	0	3	0	1	0	6
520	2	 218	27	8	0	1	0	1	0	5
1766	5	 81	25	13	1	0	0	1	0	5
507	2	 415	36	13	1	0	2	1	1	5
1008	3	 330	32	16	0	2	1	1	0	5
2004	5	 350	31	13	0	1	0	1	0	5
967	3	 387	37	17	1	0	0	1	1	5
0	1	 181	28	16	0	0	0	0	0	5
1224	3	 310	37	11	0	0	1	0	0	3
0	1	 200	30	14	2	0	0	1	0	5
1468	4	 180	30	16	0	3	0	1	0	5
0	1	 88	33	12	0	3	1	1	0	9
0	1	 200	35	6	0	2	0	1	0	13
0	1	 260	30	12	1	2	0	1	1	17
600	2	 0	37	12	1	2	1	1	0	9
0	1	 70	32	9	0	0	1	1	0	17
0	1	 93	61	0	0	0	0	1	0	17
0	1	 50	40	6	0	2	1	1	0	17
1536	4	 348	36	17	0	2	0	1	1	17
1283	4	 170	30	10	2	1	0	1	1	17
0	1	 220	53	10	0	1	0	1	1	17
1781	5	 498	40	16	0	1	2	1	1	9
1972	5	 212	42	16	0	0	0	0	1	5
1813	5	 912	45	17	0	0	1	0	1	5
1631	4	 530	40	16	0	0	1	0	1	4
1972	5	 182	33	12	0	1	0	0	1	11
0	1	 880	35	16	2	2	0	0	1	8
1442	4	 290	38	15	0	2	1	0	1	8
1828	5	 186	26	13	0	0	0	0	0	4
424	2	 330	29	12	1	1	0	1	0	5
1748	4	 230	27	13	1	0	0	1	0	5
1880	5	 330	58	12	0	0	0	1	1	5
1168	3	 360	19	11	1	0	0	1	0	5
2160	5	 431	34	12	0	1	1	0	1	5
1388	4	 72	43	12	0	0	0	1	1	12
0	1	 229	31	13	1	1	0	1	0	5
1784	5	 151	44	11	0	0	1	1	0	4
0	1	 80	62	10	0	0	1	1	0	4
370	2	 120	21	12	0	0	0	1	0	4
0	1	 140	27	13	2	0	0	1	0	4
1552	4	 421	39	13	0	1	1	1	1	4
0	1	 139	36	12	1	1	1	1	0	5
0	1	 453	52	11	0	2	0	1	0	5
0	1	 471	51	12	0	2	0	1	0	5
1612	4	 230	19	12	0	0	0	1	0	3
2080	5	 230	25	12	1	0	0	1	0	5
1785	5	 136	33	12	1	1	0	0	0	5
0	1	 165	40	12	1	2	0	1	0	5
0	1	 320	43	7	0	1	0	1	1	4
2010	5	 270	46	12	0	1	0	1	1	4
0	1	 58	64	5	0	0	0	1	1	4
264	2	 151	46	11	0	0	1	1	1	7
1020	3	 200	33	12	1	2	0	1	1	9
1984	5	 120	31	12	0	2	0	1	0	9
0	1	 150	64	9	0	3	2	1	1	9
344	2	 369	42	11	0	0	0	1	0	9
0	1	 70	23	13	2	0	0	1	0	9
784	3	 301	25	15	1	0	0	0	0	6
1938	5	 409	37	9	0	2	1	1	0	9
										
 										 
