Customer,M,F,R,DM
1,311349,6,6,yes
2,509794,4,28,yes
3,176331,15,51,yes
4,402413,30,33,yes
5,16689,12,4,no
6,263978,4,126,no
7,268976,6,116,no
8,125001,15,35,no
9,99111,4,76,no
10,43713,13,54,no
11,219339,19,50,yes
12,418277,24,4,yes
13,191852,17,58,yes
14,325230,25,20,no
15,54382,3,31,no
16,242646,3,102,no
17,502564,11,5,yes
18,244886,8,82,no
19,146868,14,41,yes
20,468018,24,46,yes
21,443524,4,149,no
22,257656,5,108,no
23,312326,26,4,yes
24,522631,34,25,yes
25,213622,19,3,yes
26,440905,20,34,yes
27,515250,34,21,yes
28,193396,19,32,no
29,449973,13,26,no
30,61895,7,10,yes
31,115642,9,118,no
32,498366,23,13,yes
33,180068,1,6,no
34,434332,2,102,no
35,495402,26,54,no
36,457329,13,31,yes
37,156506,17,47,no
38,475050,1,10,no
39,98768,18,51,no
40,344238,8,4,no
41,73166,1,206,no
42,236765,14,39,no
43,547412,31,27,yes
44,370486,2,179,no
45,472860,22,23,no
46,36385,14,56,no
47,98474,7,93,no
48,223406,9,48,no
49,96385,2,217,no
50,154761,6,13,no
51,414951,14,25,yes
52,510658,14,3,yes
53,436755,17,8,no
54,425388,25,58,yes
55,436832,26,22,yes
56,478254,22,16,yes
57,248414,8,12,no
58,543696,12,59,no
59,21578,15,25,no
60,350208,8,40,yes
61,382723,5,147,no
62,504486,4,36,no
63,306490,7,118,no
64,113376,6,54,yes
65,465782,5,24,no
66,505229,34,10,yes
67,204319,9,44,no
68,475518,4,1,yes
69,468694,7,116,no
70,444530,15,14,no
71,535243,9,113,no
72,261237,2,183,no
73,91039,15,29,yes
74,4633,3,207,no
75,447119,4,173,no
76,224673,5,179,no
77,110872,16,12,yes
78,85899,10,68,no
79,196416,1,16,no
80,401897,20,53,yes
81,12171,11,10,no
82,374206,15,58,yes
83,46207,13,2,no
84,497447,1,95,no
85,230939,20,5,no
86,386328,20,8,yes
87,137791,1,104,no
88,23607,4,50,no
89,319800,10,107,yes
90,155285,6,30,no
91,428007,17,47,yes
92,62919,12,24,no
93,174465,6,77,no
94,530513,15,36,yes
95,383368,22,29,yes
96,354370,24,7,yes
97,220593,19,41,no
98,495547,27,26,yes
99,531393,1,145,no
100,214357,1,120,no
101,379809,3,168,no
102,85553,10,120,no
103,215398,19,51,yes
104,109736,7,56,no
105,113721,9,36,no
106,319797,12,35,yes
107,195754,4,63,no
108,28846,1,204,no
109,82278,9,88,no
110,7305,12,8,no
111,533354,40,18,yes
112,273747,2,177,no
113,167048,18,48,no
114,209382,3,71,no
115,102723,19,51,no
116,205038,11,26,yes
117,200214,13,18,yes
118,100412,8,10,no
119,343978,13,8,yes
120,872,13,14,no
121,30709,14,11,no
122,902,9,17,no
123,222219,11,54,no
124,363987,11,55,no
125,521362,25,60,yes
126,437423,16,16,yes
127,99476,18,17,yes
128,172262,18,2,yes
129,427875,3,166,no
130,215323,2,153,no
131,263886,9,120,no
132,234054,4,106,yes
133,281173,19,19,no
134,377232,8,30,no
135,18435,14,14,no
136,309487,29,56,yes
137,437527,13,44,yes
138,252256,20,3,yes
139,321691,2,46,no
140,429581,30,47,no
141,89183,18,31,no
142,87046,13,9,no
143,39472,4,36,no
144,474814,29,11,yes
145,61785,8,17,no
146,429603,14,29,no
147,530948,2,228,no
148,333597,18,7,yes
149,18796,10,41,no
150,191357,9,36,yes
151,194886,11,54,no
152,56485,7,78,no
153,335045,9,53,yes
154,194127,4,117,no
155,484532,11,45,yes
156,123798,18,44,no
157,334233,15,4,yes
158,3832,9,28,no
159,106412,2,94,no
160,287247,16,20,no
161,321572,15,39,yes
162,18300,5,58,no
163,81243,1,209,no
164,128964,19,55,no
165,374090,10,105,no
166,368476,5,67,no
167,326065,18,55,no
168,152379,4,102,no
169,193714,5,43,no
170,171942,16,48,no
171,415766,25,10,no
172,458060,29,55,yes
173,432041,29,4,yes
174,364648,6,24,yes
175,11302,2,99,no
176,87036,11,36,no
177,215556,4,28,no
178,20822,1,148,no
179,115534,16,54,no
180,295991,4,69,no
181,6420,10,114,no
182,416555,1,24,no
183,154005,2,122,no
184,211835,12,16,yes
185,13657,1,92,no
186,180209,7,61,no
187,46369,1,94,no
188,525801,36,4,yes
189,355932,28,10,yes
190,533659,5,61,no
191,270049,10,47,yes
192,333784,28,6,yes
193,13149,2,226,no
194,6013,10,7,no
195,545662,17,35,no
196,84086,1,73,no
197,208938,10,34,no
198,332216,2,167,no
199,336241,15,58,no
200,96771,9,49,no
201,404223,9,94,no
202,60352,5,64,no
203,537560,35,30,no
204,30784,3,77,no
205,488201,1,160,no
206,535432,5,99,no
207,270116,10,48,yes
208,219897,10,3,no
209,64753,10,58,no
210,426799,9,2,yes
211,74946,3,130,no
212,240841,7,71,yes
213,87993,18,34,yes
214,37976,7,54,no
215,352028,27,35,yes
216,471578,17,37,yes
217,143134,7,114,yes
218,192180,2,226,no
219,157911,17,41,no
220,191341,6,36,no
221,329623,5,60,no
222,522523,11,27,no
223,150222,6,96,no
224,479747,26,58,yes
225,520906,26,26,yes
226,52686,8,44,no
227,224710,9,76,yes
228,391048,16,21,yes
229,507393,8,69,yes
230,195391,16,39,no
231,140503,6,78,no
232,168262,19,6,no
233,526078,40,7,yes
234,3628,4,76,no
235,458034,15,13,no
236,249423,15,5,no
237,414593,30,22,yes
238,501764,37,20,yes
239,108897,5,138,no
240,28963,13,52,no
241,379157,6,73,yes
242,483684,26,1,yes
243,30475,11,32,no
244,494475,28,59,yes
245,416180,7,6,no
246,22463,14,47,no
247,478792,23,24,no
248,81538,8,112,no
249,491224,8,54,no
250,472149,6,43,yes
251,299126,5,174,no
252,315354,7,8,no
253,59124,1,123,no
254,26279,5,27,no
255,168226,14,48,no
256,185342,3,134,no
257,21893,15,40,no
258,337296,25,10,yes
259,542654,11,42,no
260,253035,3,78,no
261,524168,10,63,no
262,353942,8,65,no
263,319524,12,49,no
264,315573,15,21,yes
265,6547,6,55,no
266,205415,8,12,yes
267,490403,14,11,yes
268,412963,29,48,yes
269,246966,19,58,no
270,186729,18,48,no
271,423525,10,3,no
272,208615,6,93,no
273,221639,13,33,no
274,527698,25,16,yes
275,547738,11,52,no
276,78676,11,19,no
277,481192,20,19,yes
278,266237,3,190,no
279,524586,11,47,no
280,122631,1,44,no
281,478102,29,27,yes
282,274879,16,13,yes
283,503418,21,1,yes
284,477579,4,161,no
285,64946,5,174,no
286,429234,18,15,yes
287,199340,3,201,no
288,441837,8,85,no
289,410267,22,24,no
290,43325,11,42,no
291,231078,8,70,no
292,156630,2,188,no
293,422476,27,36,yes
294,9622,13,4,no
295,343268,18,51,no
296,12840,10,16,no
297,240917,6,92,no
298,476911,7,116,no
299,386249,3,59,no
300,199536,9,87,yes
301,432374,18,3,yes
302,379645,1,66,no
303,388796,17,43,yes
304,320998,17,22,no
305,164225,3,129,no
306,402295,16,25,yes
307,99738,4,59,no
308,398586,29,25,yes
309,213845,2,69,no
310,342871,15,51,yes
311,468436,6,104,no
312,459610,3,40,no
313,401474,16,39,yes
314,382537,9,76,yes
315,283615,7,120,no
316,150679,13,34,no
317,45842,15,46,yes
318,220130,19,4,yes
319,126518,20,36,no
320,155510,13,60,no
321,410617,10,78,no
322,465874,24,56,yes
323,122211,16,5,yes
324,416252,18,3,yes
325,521163,13,2,yes
326,396345,26,32,yes
327,149020,4,151,no
328,51972,6,107,no
329,447942,14,39,yes
330,80611,9,25,no
331,321940,19,21,no
332,520851,1,27,no
333,273789,15,49,no
334,482802,16,57,yes
335,107897,16,28,no
336,111772,6,93,no
337,498708,26,18,yes
338,295753,11,44,yes
339,378260,14,41,no
340,501719,36,15,yes
341,452128,24,1,yes
342,358763,11,52,yes
343,347376,27,19,yes
344,514039,15,36,yes
345,354023,29,33,yes
346,52625,7,30,no
347,472871,23,41,no
348,256959,4,20,no
349,99803,16,59,no
350,77780,13,7,yes
351,11107,5,144,no
352,394296,22,28,yes
353,251716,7,97,no
354,403762,18,17,yes
355,426113,26,30,yes
356,289823,14,37,yes
357,171110,1,226,no
358,513309,5,12,yes
359,156912,9,92,no
360,304247,2,7,no
361,40985,9,65,yes
362,168323,5,158,yes
363,147568,8,100,no
364,226707,10,3,no
365,67590,6,95,no
366,35903,4,49,no
367,341210,25,53,yes
368,165163,15,43,yes
369,55837,5,26,no
370,418978,23,1,yes
371,53968,18,5,yes
372,464871,1,229,no
373,529237,24,8,no
374,417276,19,31,yes
375,543914,5,132,no
376,81414,18,40,yes
377,292829,1,140,no
378,79102,18,35,no
379,33890,8,114,yes
380,66740,10,53,no
381,461723,14,15,yes
382,48780,2,90,no
383,323095,7,46,no
384,297309,20,9,no
385,27925,10,31,no
386,449308,19,32,no
387,512023,40,3,yes
388,356925,1,61,no
389,80041,17,29,no
390,383344,27,22,no
391,253601,5,102,yes
392,109899,5,52,no
393,387385,27,52,yes
394,219980,8,26,no
395,59402,12,44,no
396,500075,22,19,no
397,179098,19,16,yes
398,382141,30,55,yes
399,482867,16,53,no
400,54708,18,40,no
401,274363,8,75,no
402,262992,1,141,no
403,465633,2,92,no
404,56861,9,110,no
405,398161,5,103,no
406,329260,1,41,no
407,502731,28,9,yes
408,212012,5,131,no
409,493343,18,52,yes
410,205301,2,120,no
411,210944,4,87,no
412,307480,26,43,yes
413,279124,10,2,yes
414,150877,17,19,yes
415,25559,6,113,no
416,209509,5,107,yes
417,356781,24,14,yes
418,323300,24,59,no
419,526909,16,22,yes
420,248396,1,97,yes
421,22591,3,89,no
422,338755,11,8,yes
423,378497,9,39,no
424,291193,9,77,no
425,424083,7,21,yes
426,427267,13,33,yes
427,394929,8,15,no
428,506619,21,59,yes
429,284958,1,195,no
430,452543,4,89,no
431,45963,13,6,no
432,343293,27,9,yes
433,381621,20,27,yes
434,249768,2,46,no
435,186511,9,83,no
436,344844,8,63,no
437,290654,2,71,no
438,374951,20,26,yes
439,295262,13,40,yes
440,256685,1,77,no
441,532205,32,14,yes
442,250299,10,85,no
443,352444,10,61,yes
444,352121,3,129,no
445,52705,18,31,no
446,58376,8,45,no
447,403011,30,43,no
448,459250,9,110,yes
449,502743,15,4,yes
450,115335,5,5,no
451,81826,18,39,yes
452,302289,17,59,no
453,68700,15,59,no
454,535223,34,20,yes
455,242828,6,19,no
456,47520,13,22,yes
457,407192,4,107,yes
458,263594,3,207,no
459,335557,23,32,yes
460,77795,5,121,no
461,145718,3,26,yes
462,36903,9,45,no
463,474762,25,49,yes
464,247335,12,20,yes
465,276999,20,40,no
466,133234,19,59,no
467,346797,21,44,yes
468,113227,17,2,yes
469,198078,15,35,no
470,113314,17,47,no
471,196858,1,103,no
472,549734,1,197,no
473,145294,9,120,yes
474,166968,19,30,no
475,373270,3,194,no
476,194110,4,111,no
477,507981,37,8,yes
478,301641,4,111,no
479,180575,19,50,yes
480,300031,4,43,no
481,453257,4,22,no
482,414519,6,109,yes
483,3793,11,9,no
484,486983,29,60,yes
485,37576,4,176,no
486,161715,2,10,no
487,33472,10,111,no
488,373395,17,3,yes
489,144745,9,10,no
490,59348,6,106,no
491,255329,18,23,no
492,4180,10,19,no
493,382918,7,80,no
494,393612,29,17,yes
495,120691,15,12,no
496,238641,3,132,no
497,258946,19,60,yes
498,481795,8,109,no
499,273983,2,50,no
500,529087,9,102,no
501,458843,27,24,yes
502,113783,10,38,no
503,495647,7,86,no
504,323526,15,27,yes
505,211031,6,3,yes
506,304373,21,6,no
507,323320,10,77,no
508,147051,3,25,no
509,157076,14,19,no
510,545611,26,47,yes
511,321749,13,8,no
512,441925,18,11,no
513,45113,3,212,no
514,340440,10,85,no
515,351066,17,26,yes
516,225776,4,17,no
517,437369,19,8,yes
518,533661,13,6,yes
519,462459,21,9,yes
520,182858,10,106,no
521,10184,3,128,no
522,202213,4,145,no
523,276173,15,21,yes
524,247078,17,20,no
525,424281,14,57,no
526,537346,37,17,yes
527,128941,1,36,no
528,298360,9,101,no
529,366847,8,26,yes
530,99062,10,70,no
531,349804,26,30,yes
532,116816,6,10,no
533,476680,10,36,no
534,42399,2,13,no
535,411276,22,34,yes
536,307148,2,87,no
537,521773,23,55,yes
538,504345,39,22,yes
539,202539,11,58,no
540,28711,10,63,no
541,514688,6,97,no
542,27080,3,176,no
543,99949,15,52,no
544,399340,30,24,yes
545,15998,8,98,no
546,37893,1,106,no
547,38545,1,100,no
548,478360,27,21,yes
549,293937,2,54,no
550,121513,16,14,yes
551,469823,6,35,no
552,483768,9,45,no
553,452068,17,55,no
554,304619,5,25,no
555,101224,3,223,no
556,398471,17,35,yes
557,429799,5,87,no
558,91929,7,16,no
559,518315,37,27,yes
560,180485,13,6,no
561,418261,24,47,yes
562,423097,1,125,no
563,71899,6,83,no
564,234275,17,40,no
565,444099,7,95,no
566,289523,13,13,no
567,241099,12,4,no
568,151859,2,192,no
569,213036,5,67,no
570,453158,18,18,no
571,59156,1,111,no
572,93050,9,27,yes
573,339364,17,18,no
574,326929,18,31,yes
575,137163,3,118,no
576,45118,1,182,no
577,85068,10,30,yes
578,329900,14,37,yes
579,247961,19,55,yes
580,204038,4,124,no
581,537593,35,6,yes
582,446746,20,53,no
583,183625,6,86,no
584,522757,3,109,no
585,247076,11,1,yes
586,168814,4,172,no
587,169232,12,25,yes
588,452281,12,55,no
589,391137,26,17,yes
590,424568,19,22,no
591,433413,20,4,no
592,538752,14,60,yes
593,286351,18,40,yes
594,333292,17,24,yes
595,288043,17,10,yes
596,314272,5,172,no
597,12211,12,44,no
598,467735,30,42,yes
599,101357,3,33,no
600,104030,8,54,no
601,527027,23,42,no
602,195240,4,69,no
603,430283,9,18,yes
604,529989,30,1,yes
605,21091,9,21,no
606,183088,16,37,no
607,99694,12,58,no
608,70593,2,164,no
609,48748,5,106,no
610,108565,14,2,yes
611,25769,3,140,no
612,32883,1,187,no
613,348553,2,183,no
614,422899,30,40,yes
615,68351,9,118,no
616,376975,12,34,no
617,476347,24,26,no
618,414966,7,46,no
619,207231,19,6,yes
620,307017,18,29,yes
621,266475,12,4,yes
622,175403,19,26,yes
623,221031,11,9,yes
624,254144,5,51,no
625,44036,7,92,no
626,271686,17,14,yes
627,284955,16,44,yes
628,232966,3,68,no
629,145375,11,31,no
630,353230,8,30,yes
631,185901,17,40,yes
632,9614,13,28,no
633,379079,4,62,no
634,168819,12,52,no
635,526656,40,9,yes
636,83081,4,117,no
637,308910,23,41,no
638,374925,14,17,no
639,216668,20,21,yes
640,17052,6,94,no
641,273117,4,44,yes
642,529076,26,51,yes
643,391843,29,58,no
644,259437,3,18,no
645,241580,10,12,yes
646,1482,13,24,no
647,283103,4,62,no
648,118570,1,93,no
649,44518,3,47,no
650,194414,17,41,yes
651,368647,1,141,no
652,171721,19,19,yes
653,524658,3,175,no
654,516450,40,16,yes
655,424944,29,5,yes
656,41896,14,30,no
657,296858,18,43,yes
658,314938,7,28,no
659,48813,10,63,no
660,136829,17,40,no
661,190397,15,39,no
662,189997,12,44,yes
663,465690,9,12,no
664,380238,19,42,no
665,382687,8,114,no
666,359524,2,110,no
667,368053,28,10,no
668,313848,25,30,yes
669,56875,18,10,no
670,295158,17,31,yes
671,261710,10,117,no
672,416616,22,46,no
673,360342,24,20,yes
674,102704,14,21,yes
675,316166,28,27,no
676,489205,1,211,no
677,517086,25,38,yes
678,367742,20,55,no
679,105890,12,35,no
680,487338,22,10,yes
681,81299,2,169,no
682,348018,2,26,no
683,513225,19,19,yes
684,509096,5,122,no
685,71356,13,20,no
686,229828,2,56,no
687,451816,28,13,yes
688,527900,37,1,yes
689,428273,19,2,yes
690,491391,29,34,yes
691,467498,22,27,no
692,219881,15,30,no
693,320701,16,46,no
694,190156,2,200,no
695,152415,16,2,no
696,469261,4,63,no
697,188358,14,4,yes
698,422071,30,9,yes
699,405887,1,59,no
700,384645,3,206,no
701,330001,17,11,yes
702,509202,31,27,no
703,130487,19,29,yes
704,375235,26,34,no
705,182959,18,30,no
706,457437,30,23,yes
707,413849,16,1,yes
708,175258,20,30,yes
709,516343,26,49,yes
710,315933,30,60,no
711,419579,21,8,no
712,312745,4,109,no
713,143961,15,7,no
714,244858,17,44,no
715,431460,2,125,no
716,269405,12,5,yes
717,362780,2,155,no
718,57227,2,173,no
719,435482,10,62,no
720,450710,1,131,no
721,179929,3,1,no
722,105469,20,59,no
723,133439,5,76,no
724,144758,6,52,no
725,158768,2,16,yes
726,497713,18,28,yes
727,247397,3,40,no
728,55898,18,20,yes
729,318272,8,105,no
730,125485,17,37,yes
731,96743,12,2,no
732,134025,16,15,yes
733,74363,2,102,no
734,334902,30,42,yes
735,434970,4,112,no
736,392294,9,90,yes
737,464517,22,17,no
738,29608,5,150,no
739,477729,29,33,no
740,224040,14,10,yes
741,547893,24,8,yes
742,299466,8,52,no
743,521724,20,53,yes
744,322110,23,13,no
745,176269,19,6,yes
746,464515,18,11,no
747,474932,24,16,yes
748,229917,3,55,no
749,213919,13,35,yes
750,488479,22,33,yes
751,470112,3,41,no
752,57313,4,169,no
753,63032,3,134,no
754,163624,5,173,no
755,117333,17,52,yes
756,366273,11,53,no
757,3560,14,16,yes
758,153612,5,164,no
759,508365,16,29,yes
760,147653,12,48,no
761,196430,9,117,no
762,52651,18,22,no
763,5197,3,31,no
764,425645,22,45,yes
765,428777,30,40,yes
766,70678,15,25,yes
767,386974,9,105,no
768,183217,5,124,no
769,419454,6,78,no
770,15621,5,97,no
771,18450,9,9,no
772,418559,10,26,no
773,257958,13,30,no
774,422240,4,55,no
775,394588,5,99,no
776,295211,2,148,yes
777,197785,1,225,no
778,32564,4,31,no
779,1018,12,31,no
780,348025,19,57,yes
781,210193,9,37,no
782,367218,18,18,yes
783,454381,9,53,yes
784,259382,11,26,no
785,154526,18,25,no
786,420063,2,113,no
787,145562,5,78,no
788,277401,5,15,no
789,522101,29,48,yes
790,384888,29,5,yes
791,39345,6,90,no
792,756,14,60,no
793,442715,2,6,no
794,110648,19,24,no
795,444480,15,28,yes
796,140461,9,98,no
797,136005,20,8,yes
798,472494,2,20,yes
799,49870,10,73,yes
800,357678,1,5,no
801,374511,22,41,yes
802,485009,27,16,yes
803,458131,8,63,yes
804,90951,10,61,no
805,20683,12,7,no
806,43940,10,1,no
807,392483,25,6,yes
808,246332,15,31,yes
809,287054,14,48,no
810,435062,17,11,no
811,446524,30,9,yes
812,160230,5,155,no
813,343661,5,138,no
814,30206,15,31,no
815,265609,7,13,no
816,88314,16,55,no
817,536175,26,29,no
818,509350,34,4,yes
819,228625,8,106,no
820,124996,12,31,no
821,23115,4,151,no
822,162071,17,54,no
823,82498,5,136,no
824,469685,7,80,no
825,284642,5,146,no
826,444118,16,36,yes
827,485079,21,40,no
828,407111,24,13,no
829,467646,13,13,no
830,267824,14,8,yes
831,311153,20,30,no
832,44666,3,5,no
833,446245,20,35,yes
834,30056,10,12,no
835,216126,5,44,no
836,14165,3,101,no
837,389316,1,98,no
838,359514,16,47,no
839,208066,10,48,no
840,70392,15,17,no
841,207088,20,27,yes
842,158718,17,60,no
843,118682,12,4,no
844,537210,27,42,yes
845,177361,4,173,no
846,520425,19,27,no
847,520321,5,76,no
848,144956,5,175,no
849,512669,21,53,yes
850,439112,29,39,yes
851,12816,2,171,no
852,539924,2,23,no
853,163989,3,75,no
854,149765,20,26,yes
855,81710,13,54,no
856,368736,12,30,yes
857,164524,13,47,no
858,339787,11,36,no
859,289075,14,59,no
860,328177,14,15,yes
861,462696,26,28,no
862,309053,1,78,no
863,19029,2,176,no
864,534312,28,11,yes
865,23064,8,102,no
866,236565,8,52,no
867,543819,36,24,yes
868,508278,12,43,yes
869,386378,6,97,no
870,94816,5,9,no
871,183340,10,93,no
872,107028,18,52,no
873,166934,17,31,no
874,324801,28,19,no
875,335870,13,7,no
876,408594,23,44,no
877,399611,11,31,no
878,113335,4,114,no
879,549062,5,39,yes
880,98173,8,29,no
881,46398,11,15,no
882,148626,3,161,no
883,477140,27,41,no
884,267132,3,195,no
885,530760,30,24,yes
886,305267,8,52,yes
887,189275,7,120,no
888,509292,26,13,yes
889,370274,27,18,yes
890,515225,20,7,yes
891,96270,5,144,no
892,501742,27,6,yes
893,316723,9,72,no
894,198282,11,39,no
895,546478,28,53,yes
896,463840,21,41,yes
897,155729,1,216,no
898,517458,27,19,yes
899,173599,17,8,no
900,76160,6,110,no
901,100964,3,130,no
902,366676,10,32,no
903,471199,12,52,yes
904,136631,5,40,no
905,260285,16,20,no
906,242231,20,16,no
907,51845,6,52,no
908,448214,19,42,yes
909,175375,19,19,yes
910,419021,17,29,no
911,485137,28,20,yes
912,495843,24,51,yes
913,167534,7,69,no
914,424720,20,43,no
915,40646,1,15,no
916,539671,11,37,no
917,456697,28,5,yes
918,323764,8,50,no
919,88119,6,15,no
920,86617,10,108,no
921,380218,4,161,no
922,57396,3,207,no
923,542544,20,4,no
924,257410,7,46,no
925,351130,21,57,yes
926,500466,9,78,yes
927,237096,7,11,no
928,212321,13,59,no
929,33942,4,46,no
930,336110,9,78,no
931,289127,8,51,yes
932,450115,29,41,yes
933,225811,11,48,no
934,37868,1,114,no
935,98127,8,20,no
936,356282,3,15,no
937,24063,14,54,no
938,462549,28,51,yes
939,527118,30,44,no
940,467643,4,42,no
941,312939,4,101,no
942,414150,20,28,no
943,218811,1,34,no
944,393538,16,8,no
945,293419,14,4,no
946,434384,23,16,yes
947,541694,35,19,yes
948,420286,14,17,yes
949,272447,10,20,no
950,258652,12,22,no
951,469136,15,1,yes
952,266853,4,174,no
953,174740,2,88,no
954,190221,5,53,no
955,144189,19,9,no
956,258148,16,38,no
957,547758,29,57,no
958,330151,24,54,yes
959,305145,16,12,no
960,416029,7,22,yes
961,20288,4,152,no
962,352150,18,21,yes
963,115455,19,35,no
964,229848,5,109,no
965,311106,22,21,yes
966,222795,7,83,no
967,123536,10,114,no
968,434112,29,47,yes
969,287968,6,29,no
970,115655,19,57,no
971,427373,4,23,no
972,246294,2,135,no
973,121889,7,48,no
974,117097,16,8,no
975,342619,18,37,yes
976,172465,19,42,yes
977,415116,3,91,no
978,213183,20,56,no
979,145978,11,7,no
980,10465,8,105,no
981,200506,10,5,yes
982,374078,2,88,yes
983,69581,16,19,yes
984,186679,16,13,yes
985,388235,25,41,yes
986,27170,15,41,no
987,346704,9,16,yes
988,90559,17,21,no
989,153470,12,36,no
990,7872,15,59,no
991,328809,17,22,yes
992,221300,18,45,no
993,71187,1,104,no
994,54567,12,26,no
995,503672,33,30,yes
996,394349,2,97,no
997,375323,11,33,yes
998,324224,30,14,yes
999,269435,11,50,no
1000,398741,21,60,yes
1001,315567,21,15,no
1002,229399,5,119,no
1003,490117,5,48,yes
1004,75662,16,41,no
1005,454638,5,51,no
1006,296815,6,90,no
1007,95611,15,4,yes
1008,395435,5,154,no
1009,368963,8,30,no
1010,388506,8,106,no
1011,202808,1,59,no
1012,455903,1,188,no
1013,308107,9,108,yes
1014,399581,26,7,yes
1015,155436,15,42,no
1016,128190,14,7,no
1017,81396,18,30,no
1018,302078,12,18,yes
1019,212180,17,32,yes
1020,294373,20,2,yes
1021,316238,28,39,yes
1022,70510,10,44,no
1023,347114,12,51,yes
1024,8791,11,48,no
1025,377205,30,33,no
1026,195111,7,28,yes
1027,373653,1,55,no
1028,489367,17,51,no
1029,397427,27,60,no
1030,483122,7,59,yes
1031,263131,7,35,yes
1032,489987,5,97,yes
1033,285737,15,27,no
1034,528258,20,55,yes
1035,244534,10,13,no
1036,26787,1,52,no
1037,482097,26,14,yes
1038,214590,14,4,yes
1039,469778,13,37,yes
1040,7587,10,54,yes
1041,376991,10,89,no
1042,477927,28,12,yes
1043,436226,9,82,no
1044,196017,12,38,no
1045,221572,18,51,no
1046,262958,19,14,no
1047,28840,5,157,no
1048,231721,5,143,no
1049,173166,3,202,no
1050,157921,7,29,no
1051,248087,2,125,no
1052,379971,13,2,yes
1053,111008,4,73,no
1054,124987,16,13,yes
1055,281625,13,12,no
1056,41290,4,162,no
1057,33366,7,61,no
1058,410193,21,13,yes
1059,191368,2,189,no
1060,333130,9,115,no
1061,259564,3,39,no
1062,301232,20,24,no
1063,182570,19,32,yes
1064,533079,23,11,yes
1065,12237,9,113,no
1066,245678,10,85,no
1067,28582,4,24,no
1068,343374,29,41,yes
1069,3661,13,5,no
1070,459457,20,27,yes
1071,194143,2,181,no
1072,340130,8,32,yes
1073,474730,4,85,no
1074,224286,10,17,no
1075,141829,7,109,no
1076,298198,14,29,no
1077,80707,18,9,no
1078,383825,3,13,no
1079,331101,9,9,yes
1080,378199,11,21,no
1081,521600,26,37,no
1082,548298,11,42,yes
1083,494149,24,39,yes
1084,117910,8,119,no
1085,145371,15,11,yes
1086,114428,5,127,no
1087,55168,6,15,no
1088,324864,22,29,no
1089,513070,25,27,yes
1090,102892,4,108,no
1091,8511,7,120,no
1092,343111,13,29,yes
1093,45416,13,20,no
1094,100412,3,122,no
1095,37767,6,18,no
1096,267274,6,115,no
1097,376166,24,15,yes
1098,476478,3,179,no
1099,450749,28,41,yes
1100,287333,3,110,no
1101,279735,10,74,no
1102,426761,15,5,no
1103,183798,5,133,no
1104,249539,3,148,no
1105,335272,6,80,no
1106,252755,4,83,no
1107,268232,14,40,yes
1108,287206,16,12,no
1109,124408,8,25,no
1110,315901,7,91,no
1111,159517,15,8,no
1112,399125,27,20,yes
1113,539299,24,1,yes
1114,215575,10,96,yes
1115,549727,14,40,no
1116,36929,8,102,no
1117,147200,1,206,no
1118,510186,30,10,yes
1119,218708,2,214,no
1120,336254,5,143,yes
1121,55495,11,8,no
1122,386252,3,106,no
1123,55582,12,24,no
1124,454754,27,33,yes
1125,195625,15,14,no
1126,305879,21,19,yes
1127,193944,14,22,yes
1128,339068,6,103,no
1129,148477,19,55,no
1130,287507,17,53,no
1131,284809,8,44,yes
1132,397083,9,58,no
1133,304850,28,27,yes
1134,30210,2,41,no
1135,256675,4,107,yes
1136,79411,9,14,no
1137,402329,9,12,no
1138,350792,25,46,no
1139,294520,3,22,no
1140,539047,25,30,yes
1141,115585,17,32,yes
1142,484707,11,40,yes
1143,192408,10,59,no
1144,119873,7,44,yes
1145,306226,4,92,no
1146,12120,8,68,no
1147,156159,11,24,no
1148,133555,20,16,no
1149,467168,28,29,yes
1150,123454,18,55,no
1151,407667,26,33,yes
1152,353168,19,10,yes
1153,420837,19,30,no
1154,384278,24,49,yes
1155,495958,21,51,yes
1156,519713,35,14,yes
1157,467933,14,4,yes
1158,160949,8,88,no
1159,376185,9,28,no
1160,153375,9,119,no
1161,528345,9,44,no
1162,202216,13,42,yes
1163,367247,25,31,yes
1164,429746,16,21,yes
1165,461983,7,66,yes
1166,474488,9,70,no
1167,256822,16,20,yes
1168,258230,13,59,yes
1169,376758,27,30,no
1170,174169,19,19,yes
1171,443317,10,53,yes
1172,513219,8,90,no
1173,147664,4,132,no
1174,411134,23,30,yes
1175,287215,7,92,no
1176,265037,13,3,yes
1177,25794,4,22,no
1178,361754,10,85,no
1179,189354,6,115,no
1180,249992,3,136,no
1181,20386,9,33,no
1182,510394,18,5,yes
1183,278902,5,86,no
1184,278945,5,23,no
1185,428260,4,80,no
1186,248744,11,5,yes
1187,423214,11,26,no
1188,366537,7,101,no
1189,236543,17,7,yes
1190,16419,7,6,no
1191,156928,14,36,no
1192,217762,8,18,no
1193,98977,9,29,no
1194,357598,24,44,no
1195,47796,6,71,no
1196,373082,29,51,yes
1197,404652,13,11,no
1198,178143,8,73,no
1199,537471,20,41,yes
1200,391891,30,21,yes
1201,99926,14,58,no
1202,371033,15,39,no
1203,243526,4,61,no
1204,96675,4,174,no
1205,444745,4,162,no
1206,529771,17,26,yes
1207,326209,15,57,no
1208,193960,2,132,no
1209,192952,18,45,no
1210,249693,1,10,no
1211,49385,3,183,no
1212,499256,21,57,no
1213,88358,14,10,no
1214,132046,1,177,no
1215,65495,10,119,yes
1216,229985,18,35,no
1217,344955,12,9,no
1218,295117,8,112,no
1219,274071,11,56,no
1220,233777,5,103,no
1221,530581,17,27,yes
1222,436815,19,18,yes
1223,317794,27,45,no
1224,277173,2,210,no
1225,15712,11,26,no
1226,207707,3,66,no
1227,266708,9,60,no
1228,339171,27,24,yes
1229,296408,12,38,yes
1230,46166,4,107,no
1231,412968,2,106,no
1232,103134,9,88,no
1233,30912,15,41,no
1234,362643,13,40,yes
1235,333857,12,13,no
1236,70937,14,30,no
1237,102272,5,61,no
1238,418889,18,27,yes
1239,331660,30,39,no
1240,250128,2,8,no
1241,481543,17,43,no
1242,4658,4,145,no
1243,467443,13,21,yes
1244,342931,23,28,yes
1245,466241,29,60,no
1246,6482,14,56,no
1247,363020,26,15,yes
1248,256607,20,34,no
1249,522469,15,37,yes
1250,102668,14,37,yes
1251,251400,3,115,no
1252,288730,11,52,yes
1253,393518,1,170,no
1254,16604,2,133,no
1255,499999,1,139,no
1256,542115,35,28,yes
1257,236232,11,14,no
1258,141497,7,62,no
1259,434221,18,20,yes
1260,81074,2,61,no
1261,532002,5,145,no
1262,285818,16,1,yes
1263,521681,8,2,yes
1264,404607,21,3,yes
1265,401019,4,143,no
1266,300027,3,75,no
1267,75525,2,181,no
1268,26256,10,97,no
1269,24186,9,90,no
1270,70253,10,51,no
1271,523448,15,13,yes
1272,78457,14,51,yes
1273,258943,10,91,yes
1274,211271,7,64,no
1275,324812,30,12,yes
1276,220792,9,19,no
1277,178976,13,8,no
1278,128300,6,23,no
1279,384891,24,20,yes
1280,427971,9,7,yes
1281,90055,5,162,no
1282,143309,6,60,no
1283,418716,21,48,no
1284,317548,1,205,no
1285,16327,15,29,yes
1286,499042,11,55,no
1287,352614,21,23,no
1288,63363,3,200,no
1289,444951,16,37,no
1290,200218,18,7,yes
1291,112991,19,24,yes
1292,502552,37,22,yes
1293,189233,8,99,no
1294,452527,1,188,no
1295,358900,24,2,no
1296,329929,12,10,yes
1297,516430,25,21,no
1298,87092,10,46,no
1299,505689,35,10,yes
1300,285984,6,117,no
1301,366781,8,85,no
1302,259679,9,59,no
1303,112440,6,90,no
1304,529581,32,27,yes
1305,333431,28,36,yes
1306,42915,13,56,yes
1307,82361,5,82,no
1308,407076,30,4,no
1309,523866,31,28,yes
1310,258871,19,40,no
1311,505012,20,25,yes
1312,536886,4,83,yes
1313,199590,9,93,no
1314,152580,9,54,no
1315,369101,3,145,no
1316,261120,2,95,no
1317,60598,7,82,yes
1318,475728,10,117,no
1319,339357,17,11,yes
1320,131671,14,60,no
1321,400461,23,11,yes
1322,446066,9,81,yes
1323,22029,8,24,no
1324,242829,12,21,yes
1325,507147,40,29,yes
1326,245673,15,21,yes
1327,202863,11,23,no
1328,287778,6,42,no
1329,483373,22,14,yes
1330,481255,8,30,yes
1331,416802,8,19,no
1332,38866,5,102,no
1333,454573,13,21,yes
1334,51645,1,53,no
1335,440699,2,23,no
1336,169507,14,7,yes
1337,120705,5,14,no
1338,393740,12,41,no
1339,259101,16,13,yes
1340,284650,8,120,no
1341,291601,19,5,yes
1342,199988,15,30,yes
1343,244667,17,44,yes
1344,483865,6,24,no
1345,414040,25,60,no
1346,41304,8,58,no
1347,317555,25,21,yes
1348,522988,23,36,yes
1349,140752,11,23,no
1350,52381,14,27,no
1351,529474,29,18,yes
1352,548613,4,97,no
1353,31380,14,35,no
1354,471067,17,57,no
1355,281635,12,1,no
1356,443485,8,36,yes
1357,478013,17,50,no
1358,40252,4,137,no
1359,439856,26,37,yes
1360,424910,1,44,no
1361,463806,15,43,no
1362,494422,20,14,yes
1363,312115,8,99,no
1364,295777,17,1,yes
1365,503345,23,52,yes
1366,439437,16,13,yes
1367,219048,20,22,no
1368,268762,5,112,no
1369,29464,1,143,no
1370,510724,25,18,yes
1371,249848,5,111,yes
1372,326819,19,34,no
1373,263541,12,49,yes
1374,96437,6,17,no
1375,285466,18,6,yes
1376,481926,17,21,yes
1377,196030,19,15,yes
1378,201865,1,91,no
1379,545841,40,17,yes
1380,243249,8,73,no
1381,340854,17,37,yes
1382,522369,7,73,no
1383,421871,27,13,yes
1384,279296,14,8,yes
1385,254571,18,7,yes
1386,134311,17,44,no
1387,365399,24,7,yes
1388,538163,5,50,no
1389,289296,8,41,no
1390,540401,3,23,yes
1391,57678,17,36,no
1392,170570,16,8,no
1393,407190,1,14,no
1394,470826,15,39,yes
1395,215384,9,66,no
1396,498582,16,18,no
1397,341578,29,4,no
1398,150736,8,99,yes
1399,322320,20,4,yes
1400,337485,3,145,no
1401,26806,12,1,no
1402,329478,11,57,yes
1403,272839,2,206,no
1404,449242,14,52,no
1405,513974,12,17,yes
1406,383180,24,40,yes
1407,447582,4,118,no
1408,217218,9,72,no
1409,95101,13,55,no
1410,241810,14,42,yes
1411,375682,29,17,yes
1412,109121,13,35,no
1413,287594,18,16,no
1414,197315,6,98,no
1415,549370,1,75,no
1416,198106,18,56,yes
1417,66571,7,63,yes
1418,232732,3,220,no
1419,255548,8,45,no
1420,62783,17,16,yes
1421,389973,28,59,yes
1422,225033,4,49,no
1423,247774,16,32,no
1424,333902,25,15,yes
1425,307293,18,29,yes
1426,444188,25,37,yes
1427,182874,8,19,no
1428,305710,1,86,no
1429,92140,4,157,no
1430,525130,23,28,yes
1431,124981,2,83,no
1432,41636,15,45,no
1433,231077,10,41,yes
1434,51606,8,53,no
1435,496141,28,26,yes
1436,247882,10,24,no
1437,147610,18,8,yes
1438,177854,15,27,no
1439,279333,14,46,no
1440,105276,19,30,yes
1441,128780,18,49,no
1442,164601,4,44,no
1443,268726,13,31,yes
1444,186964,2,74,no
1445,535080,22,11,yes
1446,238504,10,48,yes
1447,135787,9,33,no
1448,319824,13,28,yes
1449,487749,9,33,yes
1450,151608,15,46,yes
1451,219453,6,101,no
1452,1452,3,112,no
1453,351441,4,158,no
1454,481230,16,16,no
1455,384176,13,15,no
1456,332752,3,98,no
1457,543970,14,43,yes
1458,46992,14,1,yes
1459,418900,22,30,yes
1460,504388,33,20,yes
1461,227165,20,35,no
1462,424101,14,51,no
1463,289279,20,32,yes
1464,423134,22,17,yes
1465,480764,12,29,yes
1466,264799,2,53,no
1467,455615,26,26,no
1468,191074,1,148,no
1469,378734,14,6,no
1470,343616,16,44,yes
1471,144960,1,2,no
1472,521265,11,19,no
1473,38056,8,119,yes
1474,249130,18,11,yes
1475,2986,8,35,no
1476,83795,13,4,yes
1477,4962,10,58,no
1478,274459,2,169,no
1479,191779,10,95,no
1480,446135,22,37,yes
1481,354642,10,34,yes
1482,231430,2,156,no
1483,462674,5,151,no
1484,246095,7,50,yes
1485,528691,5,8,no
1486,150148,10,76,no
1487,89170,3,108,no
1488,50712,13,33,no
1489,271738,9,113,no
1490,436478,16,2,yes
1491,196720,9,36,no
1492,523658,22,14,yes
1493,519746,18,43,yes
1494,250337,18,29,no
1495,205652,4,14,no
1496,265466,17,58,no
1497,126579,18,57,no
1498,394124,22,24,yes
1499,268917,8,96,no
1500,269593,13,47,yes
1501,283563,11,33,yes
1502,382848,1,185,no
1503,302006,29,15,yes
1504,310921,24,57,no
1505,471168,17,47,no
1506,177703,14,56,no
1507,175196,8,117,yes
1508,460498,26,36,yes
1509,294197,2,112,no
1510,164334,5,180,no
1511,515624,12,13,yes
1512,178605,8,105,yes
1513,528858,21,9,yes
1514,502962,33,1,yes
1515,499203,9,15,yes
1516,362110,15,44,yes
1517,301996,20,32,no
1518,37178,5,88,no
1519,173328,5,139,no
1520,103214,6,32,no
1521,127543,6,27,no
1522,66181,14,11,yes
1523,174880,2,48,no
1524,336897,2,86,no
1525,174815,4,166,no
1526,32865,1,19,no
1527,216001,12,5,no
1528,188085,20,18,yes
1529,415098,1,28,no
1530,235269,17,4,yes
1531,226275,20,28,no
1532,112273,9,34,no
1533,366722,15,57,no
1534,277045,13,37,no
1535,547741,19,35,yes
1536,329084,25,58,yes
1537,491630,15,37,no
1538,482328,30,23,no
1539,96316,10,81,yes
1540,242020,20,47,yes
1541,230329,16,53,no
1542,242161,6,113,no
1543,859,6,70,no
1544,428057,4,41,yes
1545,448255,7,31,yes
1546,31131,7,49,no
1547,469277,5,87,no
1548,44399,11,3,no
1549,441140,8,13,no
1550,107570,19,32,no
1551,144719,4,163,no
1552,185188,11,14,no
1553,343211,18,34,yes
1554,68311,18,31,no
1555,439229,10,25,no
1556,123315,12,58,no
1557,212229,2,148,no
1558,75403,15,45,no
1559,233520,20,52,no
1560,285387,15,28,yes
1561,238646,8,111,no
1562,157823,16,57,no
1563,160748,7,78,yes
1564,238299,18,11,no
1565,511848,29,31,yes
1566,240323,6,30,no
1567,190486,14,57,yes
1568,75157,7,119,no
1569,82777,16,21,no
1570,320871,18,23,yes
1571,474701,20,32,yes
1572,11298,7,45,yes
1573,364713,14,15,yes
1574,54441,3,99,no
1575,464205,30,44,yes
1576,43289,3,50,no
1577,127920,13,57,no
1578,8743,11,36,yes
1579,208171,5,102,no
1580,200487,15,22,no
1581,378827,6,30,no
1582,12231,11,21,no
1583,223256,14,21,no
1584,75071,1,47,no
1585,222294,2,185,no
1586,6522,9,32,no
1587,294786,9,34,no
1588,333839,9,68,no
1589,278747,2,68,no
1590,365108,7,26,no
1591,351341,20,29,no
1592,459670,15,43,yes
1593,415114,21,6,yes
1594,271997,20,33,yes
1595,405094,16,52,no
1596,275095,13,37,no
1597,540522,29,58,yes
1598,431106,30,21,yes
1599,103195,7,79,no
1600,446457,20,20,no
1601,45828,3,109,no
1602,119872,19,51,no
1603,402849,4,85,no
1604,134203,1,3,no
1605,405636,27,48,no
1606,137447,16,16,no
1607,412925,25,60,no
1608,202203,14,16,no
1609,54006,9,11,no
1610,33089,1,216,no
1611,197905,8,55,yes
1612,339931,29,29,yes
1613,391196,8,94,no
1614,22280,7,77,no
1615,504489,4,175,no
1616,312778,30,35,no
1617,195053,3,111,no
1618,261586,4,32,no
1619,249754,18,7,yes
1620,17372,8,41,no
1621,38633,5,101,no
1622,20332,3,183,no
1623,41614,4,159,no
1624,182906,19,3,yes
1625,501366,4,3,yes
1626,483620,3,211,no
1627,61450,11,32,no
1628,448215,12,38,no
1629,474298,29,56,yes
1630,126617,3,93,no
1631,8862,11,22,no
1632,321194,27,53,yes
1633,80677,13,60,no
1634,174314,11,44,no
1635,20483,11,37,no
1636,505848,12,25,no
1637,3372,3,10,no
1638,517360,31,20,yes
1639,183287,16,49,yes
1640,326232,17,30,yes
1641,204857,6,101,no
1642,380273,26,51,yes
1643,70613,11,11,no
1644,327449,21,5,yes
1645,385500,16,1,yes
1646,334605,29,17,yes
1647,105177,1,186,no
1648,479196,10,113,no
1649,372588,30,18,yes
1650,224185,14,30,yes
1651,163360,2,198,no
1652,108231,8,4,no
1653,168746,15,53,yes
1654,39683,5,56,no
1655,219840,15,12,no
1656,137162,7,20,no
1657,109446,3,179,no
1658,5657,6,115,no
1659,273953,15,26,no
1660,436557,22,41,yes
1661,456371,29,56,no
1662,546299,38,21,yes
1663,33129,14,20,no
1664,252429,10,29,no
1665,212543,3,192,no
1666,148727,1,103,no
1667,231666,5,4,no
1668,5637,1,98,no
1669,462302,14,21,yes
1670,309679,5,160,yes
1671,315235,22,56,no
1672,356868,10,111,no
1673,525770,5,22,yes
1674,159492,12,2,yes
1675,18931,5,155,no
1676,99664,4,7,no
1677,125731,12,43,no
1678,32105,1,55,no
1679,155036,19,32,no
1680,516873,14,8,yes
1681,475682,22,2,yes
1682,51318,18,33,no
1683,393599,1,94,no
1684,394495,17,31,yes
1685,166648,7,117,yes
1686,366468,23,39,yes
1687,497388,30,33,yes
1688,440681,21,37,yes
1689,111826,11,18,no
1690,356790,23,31,yes
1691,161354,10,51,yes
1692,28959,15,48,yes
1693,524108,27,56,yes
1694,155453,19,53,no
1695,425284,9,3,yes
1696,340754,15,41,yes
1697,64951,8,96,no
1698,477312,10,79,yes
1699,549580,35,9,yes
1700,445640,15,47,no
1701,484219,24,18,yes
1702,117844,7,76,no
1703,486710,5,170,no
1704,466995,16,24,no
1705,382506,6,38,no
1706,495287,9,59,no
1707,488949,10,8,no
1708,454430,19,17,yes
1709,257370,7,59,no
1710,268735,17,17,no
1711,323115,20,8,yes
1712,468516,3,85,no
1713,492370,19,15,yes
1714,17941,1,183,no
1715,499075,16,13,yes
1716,49905,6,76,no
1717,400704,6,117,no
1718,345394,22,52,yes
1719,394864,18,26,yes
1720,331235,25,59,yes
1721,21199,8,27,no
1722,396182,2,125,no
1723,103682,17,1,yes
1724,461739,19,20,no
1725,129664,12,20,yes
1726,389458,2,161,no
1727,103653,6,75,no
1728,540078,27,32,no
1729,316982,3,2,yes
1730,112857,14,17,no
1731,523612,21,48,no
1732,184469,12,23,no
1733,250788,18,47,no
1734,57056,2,138,no
1735,101429,15,43,no
1736,542596,37,3,no
1737,526904,6,104,no
1738,527597,30,26,yes
1739,23913,2,180,no
1740,440068,21,40,yes
1741,138241,9,114,no
1742,494726,2,124,yes
1743,503463,40,11,yes
1744,431002,8,32,no
1745,180179,18,19,no
1746,180024,5,25,no
1747,496717,27,48,yes
1748,136893,9,94,no
1749,288373,17,57,yes
1750,440116,12,51,yes
1751,114057,18,39,no
1752,488397,16,14,yes
1753,100257,16,48,yes
1754,46795,10,100,no
1755,48147,15,9,yes
1756,177975,8,7,yes
1757,179112,4,132,no
1758,475868,25,48,yes
1759,324234,15,49,yes
1760,376170,9,32,no
1761,174919,15,34,no
1762,115244,9,56,no
1763,231190,11,43,no
1764,3549,8,70,no
1765,81662,16,44,no
1766,485143,7,16,no
1767,92422,9,120,no
1768,516107,28,28,yes
1769,499097,3,218,no
1770,510879,39,1,yes
1771,440837,12,27,yes
1772,52618,1,85,no
1773,314732,5,13,no
1774,19149,13,43,no
1775,224402,18,11,yes
1776,168788,13,24,no
1777,164046,10,98,no
1778,528801,23,33,yes
1779,182710,19,44,no
1780,404248,20,16,yes
1781,471169,5,48,no
1782,462719,20,33,no
1783,176068,18,7,yes
1784,131251,14,5,yes
1785,500520,33,28,yes
1786,247690,17,54,no
1787,172353,5,62,no
1788,266586,13,27,no
1789,267924,20,55,yes
1790,166575,3,165,no
1791,95179,2,185,no
1792,180117,1,107,no
1793,46458,14,46,no
1794,2098,2,131,no
1795,11542,14,58,no
1796,159891,6,10,yes
1797,361444,11,38,no
1798,430631,26,55,yes
1799,67865,2,141,no
1800,280656,1,197,no
1801,329467,28,42,yes
1802,173587,9,14,no
1803,301494,23,59,no
1804,206802,16,29,yes
1805,16941,10,11,no
1806,244938,4,172,no
1807,530664,38,7,yes
1808,511075,20,43,yes
1809,183949,15,13,yes
1810,349923,30,5,yes
1811,74414,9,12,no
1812,349703,4,12,yes
1813,342671,22,36,no
1814,360569,3,181,no
1815,44026,2,37,no
1816,262262,9,15,no
1817,404183,6,114,no
1818,186728,12,45,no
1819,134706,1,176,no
1820,245474,6,101,no
1821,319098,7,23,no
1822,418500,13,58,no
1823,193916,20,45,no
1824,382460,26,37,no
1825,410798,6,64,yes
1826,89960,11,7,no
1827,37436,7,56,no
1828,106603,8,119,no
1829,116752,12,25,no
1830,359649,27,47,yes
1831,539511,27,29,yes
1832,343382,26,9,yes
1833,92198,18,10,no
1834,241693,2,19,no
1835,463715,1,165,no
1836,310440,15,43,yes
1837,443703,30,38,yes
1838,343435,27,6,no
1839,526196,36,20,no
1840,245067,14,45,no
1841,278958,2,2,yes
1842,326496,3,82,yes
1843,121662,14,56,no
1844,239949,12,8,yes
1845,529230,16,28,no
1846,264916,5,49,no
1847,186495,11,1,yes
1848,140763,20,16,yes
1849,467527,3,30,no
1850,349663,9,1,no
1851,49487,8,6,no
1852,132775,2,25,no
1853,135510,7,61,no
1854,435702,19,44,no
1855,42925,3,222,no
1856,510449,18,17,yes
1857,184987,10,64,no
1858,142383,20,58,no
1859,106124,2,46,no
1860,404385,20,4,yes
1861,12243,4,14,no
1862,201860,12,47,no
1863,19851,13,20,no
1864,33060,13,39,no
1865,3188,3,195,no
1866,56155,16,1,no
1867,90938,18,27,yes
1868,149611,2,96,no
1869,242099,17,27,yes
1870,526336,29,2,yes
1871,146554,4,150,no
1872,457488,10,35,yes
1873,177519,17,23,no
1874,124191,19,41,no
1875,67167,17,28,no
1876,106545,4,171,no
1877,289874,10,1,yes
1878,530073,22,25,yes
1879,386412,1,69,no
1880,138871,12,49,yes
1881,179204,7,112,no
1882,362158,2,165,no
1883,389551,16,1,yes
1884,365451,14,41,no
1885,389871,24,45,no
1886,411311,17,14,no
1887,233171,13,45,no
1888,549795,27,29,yes
1889,152305,2,118,no
1890,359350,1,184,no
1891,304141,27,59,no
1892,432725,12,6,no
1893,411607,11,44,yes
1894,442685,29,42,yes
1895,331359,11,8,yes
1896,242571,1,200,no
1897,271825,19,60,yes
1898,303815,2,202,no
1899,484307,10,116,no
1900,225765,6,59,no
1901,467,1,198,no
1902,223499,15,30,no
1903,303260,4,108,no
1904,280699,4,98,no
1905,395508,28,49,yes
1906,323745,4,139,no
1907,530614,28,9,yes
1908,402669,4,18,no
1909,357059,2,57,no
1910,520035,2,127,no
1911,256975,15,31,no
1912,18656,10,30,no
1913,7329,15,14,no
1914,77720,14,12,no
1915,141499,10,44,no
1916,185041,13,52,no
1917,306441,25,55,no
1918,542762,39,17,yes
1919,24025,13,42,no
1920,1692,13,8,no
1921,278853,11,11,yes
1922,86618,4,74,yes
1923,288381,12,35,no
1924,389132,1,67,no
1925,355486,16,37,yes
1926,273059,8,46,no
1927,409497,10,11,no
1928,540528,19,1,yes
1929,156449,10,32,no
1930,110629,4,45,no
1931,512206,12,52,yes
1932,230593,13,13,yes
1933,39286,15,21,no
1934,64179,14,52,no
1935,371075,22,32,yes
1936,275168,11,44,yes
1937,168771,3,107,no
1938,137770,5,82,no
1939,293867,2,22,no
1940,407347,25,45,yes
1941,140493,12,49,no
1942,229721,11,23,yes
1943,240315,9,67,no
1944,45028,7,66,no
1945,54298,14,38,no
1946,172585,15,60,no
1947,442589,29,58,yes
1948,512482,18,56,yes
1949,58972,6,90,no
1950,425338,21,29,yes
1951,390864,22,27,no
1952,343688,16,9,no
1953,228661,2,168,no
1954,202694,18,13,yes
1955,399318,5,1,yes
1956,528393,1,169,no
1957,158440,8,27,no
1958,505698,11,27,no
1959,495936,30,57,yes
1960,181424,17,46,yes
1961,399892,24,22,yes
1962,235415,2,39,no
1963,150147,19,6,yes
1964,547994,5,49,no
1965,424575,15,52,no
1966,296869,9,15,no
1967,174047,15,44,no
1968,210082,11,22,yes
1969,390033,1,218,no
1970,133149,1,129,no
1971,112104,16,59,yes
1972,419096,9,48,no
1973,190353,9,42,no
1974,25562,8,100,no
1975,426087,13,3,yes
1976,304739,30,37,yes
1977,468794,27,14,no
1978,69187,2,224,no
1979,442926,7,88,yes
1980,456778,18,56,no
1981,440676,25,11,yes
1982,62885,14,23,no
1983,277120,4,31,no
1984,221665,13,36,no
1985,222010,17,4,no
1986,521716,2,146,no
1987,483479,18,23,no
1988,488968,30,28,no
1989,496815,13,16,no
1990,119963,3,48,no
1991,543706,27,8,no
1992,254383,20,8,yes
1993,231347,5,17,no
1994,178903,8,34,no
1995,304170,16,51,no
1996,177157,3,215,no
1997,346260,20,35,no
1998,325335,13,50,no
1999,119724,10,93,no
2000,349108,15,24,yes
