panel,q1,q2,q3,q4,q5,q6,q7,q8,q9,q10,q11,q12,q13,q14,q15,q16,q17,q18,q19,q20,q21,q22,q23,q24,q25,q26,q27,年齢,性別,投資経験年数,取引形態
502,1,5,5,3,4,1,4,1,4,1,1,2,2,4,2,2,2,2,3,4,4,5,5,5,4,4,4,45,1,5,2
12002,3,2,3,3,3,3,3,3,3,3,1,3,3,3,3,3,3,3,3,3,3,3,3,3,3,3,3,33,1,5,2
13302,3,5,5,1,4,5,3,1,1,1,1,1,1,1,1,1,1,1,1,1,1,1,1,1,4,1,1,45,1,5,2
19541,2,4,4,3,1,3,1,1,2,2,2,4,4,3,4,2,1,1,2,3,1,2,2,4,1,1,1,46,1,3,2
19848,3,3,4,3,3,3,4,3,3,3,3,3,3,3,3,3,3,3,3,3,3,3,4,4,3,3,3,43,1,4,2
20299,3,3,3,3,3,3,3,3,3,3,3,3,3,3,3,3,3,3,3,3,2,3,3,3,3,3,3,37,2,9,2
22576,3,4,4,4,4,4,4,4,4,3,3,2,2,2,2,2,2,2,2,2,1,4,4,4,4,4,4,46,1,15,2
24832,2,3,2,4,3,4,3,2,2,2,2,3,3,2,2,2,2,2,2,3,2,4,4,4,3,3,3,49,1,10,2
25957,3,3,4,3,4,4,4,1,3,3,2,2,2,2,3,3,4,4,3,3,2,3,3,3,3,3,3,45,1,10,2
26970,4,4,4,3,3,3,3,3,3,4,3,2,2,2,3,3,3,3,3,3,3,3,2,3,3,3,3,46,2,10,2
28190,4,1,4,3,3,2,4,4,3,2,2,3,2,2,2,2,3,3,2,4,1,4,4,4,3,3,3,43,1,15,3
29618,3,2,3,3,2,3,3,3,2,3,3,4,3,3,2,3,3,3,2,3,3,2,3,3,3,2,3,47,1,5,2
35247,4,4,4,4,4,4,4,4,3,3,3,2,2,2,2,2,2,2,2,4,2,4,4,4,4,2,2,48,1,25,2
35305,2,3,4,3,4,4,4,2,3,3,3,3,3,2,2,3,3,3,3,4,2,3,3,4,3,3,3,37,2,5,2
36672,3,3,3,3,3,3,3,3,3,3,3,3,3,3,3,3,3,3,3,3,3,3,3,3,3,3,3,53,1,3,1
37167,3,2,4,3,4,4,3,3,3,3,3,3,3,3,3,3,3,3,3,3,2,3,3,3,3,3,3,47,1,5,2
37176,4,2,4,3,4,4,4,4,4,3,3,3,3,3,3,4,3,3,3,3,2,4,4,4,3,4,4,41,1,5,2
50586,3,3,3,3,3,3,3,3,3,3,3,3,3,3,3,3,3,3,3,3,3,3,3,3,3,3,3,42,1,10,2
50743,3,2,3,3,3,4,3,3,3,2,1,2,2,2,2,2,2,2,2,3,2,4,3,3,3,3,3,36,1,3,2
51041,5,1,5,3,5,1,5,1,5,1,1,1,1,1,1,1,1,1,1,1,1,5,5,1,5,5,5,48,1,4,2
52741,3,4,4,4,4,5,4,3,3,1,2,2,2,1,1,1,3,3,1,3,1,4,4,4,4,4,4,38,1,4,2
73004,4,2,3,3,4,4,2,2,3,1,2,3,3,3,3,3,3,3,3,2,2,3,3,3,3,3,3,40,1,10,2
74256,3,3,4,4,4,3,1,1,1,1,1,1,1,1,1,1,1,1,1,4,3,3,3,3,3,3,3,49,1,12,2
83809,3,4,4,3,3,3,2,2,3,2,2,3,2,2,2,2,3,2,2,4,1,4,4,4,4,4,4,48,1,10,2
87189,3,3,3,3,3,4,3,3,3,3,4,3,3,3,3,3,3,3,3,3,3,4,3,3,3,3,3,47,2,5,2
99248,3,3,4,2,4,4,4,3,4,2,2,1,1,1,1,1,1,1,1,3,2,4,4,4,4,4,3,73,1,40,2
107588,4,2,4,4,4,4,4,3,4,4,4,3,3,3,3,3,3,3,3,4,4,4,3,3,4,4,4,66,2,5,2
117578,3,2,4,4,4,2,4,2,3,2,2,2,2,2,2,2,2,2,2,4,3,4,4,4,4,4,4,51,1,20,2
131656,4,2,4,4,4,5,4,4,4,4,4,2,2,4,4,4,4,4,4,4,2,4,4,4,4,4,4,72,1,9,2
136658,3,3,4,3,3,4,3,3,3,3,3,2,2,2,2,2,3,3,2,3,2,4,4,4,5,4,4,27,1,3,2
146839,2,4,4,4,2,1,2,1,3,1,1,3,3,2,3,3,1,1,1,2,1,3,3,3,2,3,3,54,1,10,2
168260,2,2,4,4,3,3,3,3,3,3,3,3,3,3,3,3,3,3,3,3,3,3,3,3,3,3,3,41,2,5,2
168759,1,1,3,1,3,4,2,1,3,1,1,3,1,1,1,3,1,1,3,1,1,1,1,1,1,1,1,38,2,10,2
174421,3,3,4,4,3,4,4,3,3,3,3,3,3,3,3,3,3,3,3,3,3,3,3,3,3,3,3,43,1,10,2
179627,3,3,3,4,4,4,4,4,4,4,3,3,3,3,3,3,3,3,3,3,4,4,3,3,3,3,3,40,1,8,2
188957,3,3,3,2,4,4,4,3,3,3,3,3,3,3,3,3,3,3,3,3,2,4,4,4,3,3,3,53,1,3,2
190101,4,3,4,2,4,4,4,3,2,2,3,3,3,3,3,3,3,3,3,3,2,2,2,2,2,2,2,37,1,3,2
192347,3,3,4,3,4,4,4,3,3,3,3,3,3,3,3,3,3,3,3,4,3,4,4,3,4,4,4,62,2,30,2
219343,4,4,4,4,4,4,4,3,3,3,3,3,3,3,3,3,4,4,3,4,3,4,4,4,4,4,4,43,1,10,3
227364,3,3,3,3,3,3,2,2,2,2,2,2,2,2,2,2,2,3,3,3,2,2,2,2,2,2,2,27,1,7,2
230848,4,3,4,4,4,4,4,3,4,3,3,2,2,2,2,3,3,3,3,3,3,3,3,3,3,3,3,35,1,5,2
231444,2,2,2,4,4,4,3,3,3,4,4,2,2,2,2,2,3,4,2,3,1,4,4,4,4,4,3,60,2,10,3
233825,4,4,2,2,4,4,4,1,4,1,1,1,1,3,1,1,1,1,1,1,1,4,4,4,4,2,2,49,1,10,2
253448,2,4,4,4,4,4,4,4,4,1,1,3,3,3,1,3,1,1,3,3,3,3,3,3,3,3,3,35,1,6,2
270974,3,2,4,2,3,4,3,3,3,3,3,3,3,3,3,3,3,3,4,3,2,4,4,3,3,4,3,38,1,10,2
271050,3,3,3,3,3,4,3,3,3,3,3,3,3,3,3,3,3,3,3,3,3,3,3,3,3,3,3,59,1,5,2
278187,5,2,4,4,5,5,3,2,2,2,1,1,1,1,1,2,3,3,2,4,5,4,4,4,4,4,3,43,1,20,2
278270,4,3,4,4,2,2,2,2,2,2,2,3,3,2,2,4,2,2,2,4,2,2,2,2,2,2,2,31,1,4,2
278357,4,2,5,4,4,5,4,4,4,4,3,2,2,2,2,2,2,2,2,4,3,3,3,3,3,3,3,28,1,8,2
282951,1,3,1,1,1,1,1,1,1,1,1,1,1,1,1,1,1,1,1,1,1,3,3,3,1,1,1,36,1,10,2
286843,3,3,3,3,3,3,3,3,3,3,3,3,3,3,3,3,3,3,3,3,3,4,3,3,3,3,3,38,1,5,1
293816,2,4,5,5,5,5,5,1,4,3,3,2,2,2,2,2,2,2,2,2,1,5,4,4,4,5,5,65,1,30,3
298581,4,3,4,4,4,5,3,3,3,3,3,2,1,1,1,1,1,1,1,1,4,4,1,4,1,1,1,35,2,2,2
299549,3,3,4,4,4,3,3,3,3,3,3,3,3,3,3,3,3,3,3,4,3,4,3,3,3,4,4,48,1,3,2
300017,1,1,1,1,1,1,1,1,1,4,4,1,1,1,1,1,1,1,1,1,1,3,1,1,1,1,1,38,2,10,2
302964,4,2,4,4,4,4,4,4,4,4,3,1,1,1,1,4,1,1,1,3,1,4,4,4,4,4,4,45,1,22,1
304855,4,3,3,4,3,3,4,3,3,3,3,3,3,3,3,3,3,3,3,3,3,3,3,3,3,3,3,48,2,3,2
306111,3,1,1,1,1,3,1,1,1,1,1,1,1,1,1,1,3,3,1,1,1,1,1,1,1,1,1,38,2,1,1
310358,3,3,3,3,3,3,4,4,4,3,4,4,3,3,3,4,4,4,3,3,3,4,4,4,3,3,3,38,2,2,2
310459,5,2,4,3,3,4,5,4,4,2,1,1,1,3,1,1,1,1,1,1,1,4,5,3,4,5,4,41,2,10,2
311228,2,2,4,4,3,2,2,2,2,2,4,2,2,2,2,2,2,2,2,2,4,2,2,2,2,2,2,56,1,0,1
315325,4,4,4,3,4,4,4,2,4,4,4,4,4,3,3,4,4,4,3,3,2,4,4,4,4,4,4,48,2,8,2
315376,4,2,4,2,3,3,3,2,4,3,2,3,1,2,1,1,2,2,1,1,1,4,3,3,3,2,2,58,1,30,3
315474,3,4,4,3,4,5,4,2,3,2,2,2,3,2,2,2,2,2,2,3,2,4,4,4,4,3,3,44,1,7,2
317309,3,4,4,3,3,2,4,3,4,3,3,3,2,3,2,2,2,2,2,3,2,2,4,4,3,3,3,57,1,2,2
317363,3,2,4,4,4,4,3,3,3,3,3,3,3,3,3,3,3,3,3,3,4,3,3,3,3,3,3,63,1,30,1
317636,3,2,4,4,4,4,2,1,3,1,1,1,1,1,1,3,1,1,1,4,1,4,4,4,4,2,2,39,2,3,2
317715,3,4,4,3,4,4,4,4,3,3,3,3,3,3,3,3,3,3,3,3,2,4,3,3,3,3,3,30,1,2,2
318457,3,3,4,5,4,3,4,3,4,3,3,3,3,3,3,4,3,3,3,4,2,4,4,4,4,3,3,75,2,21,2
318829,4,3,4,3,3,4,3,3,3,3,3,3,3,3,3,3,3,3,3,4,2,3,4,4,3,3,3,46,2,25,3
319685,3,4,4,3,3,3,4,3,3,3,3,1,1,1,1,2,3,3,1,2,2,4,3,3,3,3,3,59,1,30,3
319787,2,4,3,2,4,4,3,1,3,2,2,1,1,1,1,1,1,1,1,4,4,3,3,3,3,2,2,46,1,2,1
320125,4,2,4,4,4,4,4,4,4,3,3,2,2,2,2,4,3,3,2,4,2,4,4,4,4,4,4,43,1,13,2
320442,2,5,5,2,4,4,5,2,4,3,3,4,4,3,3,2,2,2,4,4,4,4,4,4,4,3,3,47,1,29,3
322348,4,2,2,2,2,4,4,2,2,2,2,2,2,2,2,2,2,2,2,2,2,2,2,2,4,4,4,51,1,3,2
326060,3,3,3,3,3,3,3,3,3,3,3,3,3,3,3,3,3,3,3,3,4,4,3,3,4,3,3,48,1,10,1
332002,2,5,4,3,3,4,3,3,3,3,3,4,3,3,3,3,3,3,3,3,2,3,3,3,3,2,2,30,2,8,2
332737,3,3,3,3,3,3,3,3,3,3,3,3,3,3,3,3,3,3,3,4,3,3,3,3,3,3,3,38,1,8,2
333844,3,3,4,4,4,4,3,2,3,3,3,3,3,3,3,3,3,3,3,4,2,4,4,4,4,4,3,44,2,5,2
335783,3,3,3,3,4,4,3,3,3,3,3,3,3,3,3,3,3,3,3,3,3,3,3,3,3,3,3,50,1,10,2
337889,2,4,5,4,4,5,4,2,2,3,4,1,1,1,1,2,2,2,1,4,2,4,4,3,4,3,3,41,2,8,2
342180,2,4,4,4,4,4,4,3,2,2,1,1,1,1,1,1,1,1,1,1,2,4,4,4,4,4,1,36,2,15,1
501158,1,4,4,1,4,4,3,3,3,1,1,1,1,1,1,1,1,1,1,1,1,1,1,1,1,1,1,48,1,9,2
507475,4,2,4,3,4,4,4,3,4,3,3,3,3,3,3,4,4,2,3,3,2,4,4,4,4,3,3,55,1,28,2
513888,3,1,3,3,4,5,4,1,4,3,1,4,4,4,4,4,3,1,4,3,1,1,1,1,1,1,1,40,1,3,2
518908,3,3,4,3,3,5,3,3,3,3,3,3,3,3,3,3,3,3,3,3,3,3,3,3,3,3,3,35,2,5,2
520484,1,4,4,1,3,4,4,1,1,3,3,1,1,1,1,1,1,1,1,1,1,3,1,1,1,1,1,37,1,4,1
520566,2,2,3,2,2,2,2,2,2,2,2,2,2,2,2,2,2,2,2,2,4,3,2,2,2,2,2,68,1,7,1
520666,3,3,4,4,3,2,5,1,2,1,1,2,2,2,2,2,2,2,2,2,2,4,3,2,2,2,2,34,1,15,2
521256,3,4,4,3,4,2,4,3,4,3,2,2,2,1,1,4,3,4,3,4,2,4,4,4,4,4,4,56,1,14,2
521760,3,4,4,3,3,3,3,3,3,3,2,2,2,2,2,2,2,2,2,3,3,4,4,4,4,4,3,53,1,20,2
523406,3,3,4,2,4,5,4,3,3,1,1,2,1,1,1,1,1,1,1,3,3,4,4,2,3,4,4,49,1,7,2
523438,2,3,3,3,2,4,4,4,3,3,2,2,2,2,2,2,4,3,2,2,3,4,4,4,3,4,4,53,1,28,2
524160,1,5,2,2,4,5,4,2,1,1,1,2,3,3,3,1,3,3,4,4,5,2,3,3,3,2,2,35,1,5,2
524415,3,3,4,3,4,3,3,3,3,3,3,3,3,3,3,3,3,3,3,3,1,3,3,3,3,3,3,42,2,4,2
524423,2,4,4,2,4,4,4,3,4,3,3,3,3,3,3,3,3,3,3,3,4,3,3,3,3,3,3,48,1,10,2
525425,3,3,3,3,3,4,3,3,4,3,3,3,3,4,3,4,4,3,3,3,4,4,4,3,4,4,4,50,2,25,2
531397,1,4,4,1,4,2,4,4,3,3,3,3,3,3,3,3,4,3,3,4,2,2,2,2,2,2,2,44,2,15,3
533563,2,4,3,4,4,4,3,3,3,3,3,3,3,3,3,3,3,3,3,3,2,3,3,3,3,3,3,36,1,12,2
540570,3,3,4,4,4,4,4,3,4,3,3,2,2,2,2,2,2,2,2,4,4,4,4,4,2,2,2,40,2,2,2
583952,4,2,4,3,4,4,4,3,2,4,4,4,3,3,3,2,4,4,4,4,1,4,2,2,4,4,2,45,1,2,1
591656,2,5,5,5,5,3,3,3,3,3,1,3,3,3,3,3,3,3,3,3,1,3,3,3,3,3,3,30,1,4,2
591720,2,4,4,4,4,4,4,4,4,4,4,4,4,4,4,4,4,4,4,4,4,4,4,4,4,4,4,33,1,4,2
593468,2,2,2,4,2,2,2,2,2,2,2,2,2,2,2,2,2,2,2,2,4,2,2,2,2,2,2,46,2,14,1
593877,4,1,4,4,4,4,2,1,1,1,1,1,1,1,1,1,1,1,1,1,1,4,3,1,4,1,1,48,1,12,2
603505,3,3,3,3,3,3,3,3,3,4,4,3,3,3,3,3,3,3,3,3,3,3,3,3,3,3,3,38,2,3,1
616737,2,4,4,3,4,4,3,2,2,2,2,2,2,2,2,2,4,3,3,3,2,4,4,4,3,2,4,42,1,15,2
625233,2,3,3,3,4,3,3,3,3,4,4,3,3,3,3,3,3,3,3,3,4,4,3,3,3,3,3,45,1,20,3
628846,2,3,4,3,3,4,4,3,3,3,2,2,2,2,2,2,2,2,2,2,2,4,3,3,2,2,2,35,1,10,2
650738,3,2,4,4,4,2,3,2,2,4,4,2,2,2,2,2,4,4,2,3,2,2,2,2,2,4,4,48,2,29,1
655852,2,4,4,4,4,3,3,3,3,2,2,3,3,3,3,2,2,2,2,4,3,4,4,4,4,4,4,67,1,6,3
671349,2,5,5,5,4,4,4,2,4,2,3,1,1,1,1,1,2,2,3,3,1,4,4,4,3,3,3,60,1,30,2
671670,4,4,4,3,3,4,3,3,3,3,3,3,3,3,3,3,3,3,3,3,3,3,3,3,3,3,3,41,1,4,2
672240,3,3,3,3,3,3,3,4,3,4,4,3,3,3,3,3,3,3,3,3,3,4,3,4,4,4,4,69,2,3,1
672528,4,1,4,4,3,2,3,2,4,3,2,2,1,2,2,3,2,2,2,4,1,4,4,3,4,4,4,82,1,40,1
673696,2,2,2,2,2,3,3,3,2,1,1,3,2,2,2,2,2,2,2,4,1,3,3,3,3,3,3,47,1,5,2
675306,3,3,3,3,3,5,3,3,3,3,3,3,3,3,3,3,3,3,3,3,3,3,3,3,3,3,3,42,1,6,2
675719,2,3,3,4,4,3,2,2,2,1,1,1,1,1,1,1,1,1,1,4,2,4,3,4,3,3,3,48,2,10,2
677553,3,4,4,2,4,4,2,2,2,2,2,2,2,2,2,2,2,2,2,4,3,2,3,3,3,3,3,64,1,31,2
677658,4,2,4,3,4,4,4,2,4,3,2,1,1,1,1,3,1,1,1,4,1,4,4,3,4,3,3,41,1,3,2
678240,3,3,4,4,4,3,4,3,3,4,3,3,2,2,2,1,3,3,2,3,2,4,4,3,3,3,3,74,1,5,3
678930,3,3,3,3,3,4,4,3,3,3,2,3,3,4,3,3,3,3,3,3,2,3,3,3,3,3,2,52,1,25,2
679934,2,4,4,3,4,3,3,3,3,3,3,3,3,3,3,3,3,3,3,3,3,3,3,3,3,3,3,32,2,8,3
680285,3,4,4,3,4,5,4,3,3,2,2,2,2,2,2,2,2,2,2,4,2,4,4,4,4,3,3,45,1,22,2
680572,2,1,4,1,1,1,1,2,1,1,1,1,1,1,1,1,1,1,1,1,4,4,2,2,3,2,2,34,2,1,2
681891,5,5,4,4,3,2,2,2,2,2,3,3,3,3,3,3,3,3,3,3,3,3,3,3,3,3,3,40,2,5,2
682118,2,3,4,2,4,4,3,3,3,3,3,3,3,3,3,2,2,2,3,4,3,4,4,3,3,3,3,34,1,8,2
684608,3,4,4,3,4,3,4,2,2,1,1,2,1,3,1,3,2,1,2,4,2,4,4,4,3,3,3,51,1,20,2
696324,4,2,4,4,4,4,4,3,4,3,3,3,3,3,3,3,3,3,3,4,2,4,4,3,3,3,3,36,2,9,1
696447,2,2,4,4,4,4,4,2,2,4,3,2,2,2,2,2,2,2,4,4,2,4,4,4,2,2,2,62,1,40,3
701828,3,3,4,2,3,4,2,2,4,1,1,3,3,1,1,4,3,2,2,4,1,4,3,3,3,3,3,42,1,7,2
714043,4,4,5,2,4,4,4,4,3,4,3,2,4,4,1,2,4,2,1,4,1,4,4,2,4,4,4,56,2,25,3
715716,4,3,4,4,4,4,4,3,4,3,4,3,3,3,3,3,4,3,3,3,3,4,4,3,3,4,3,43,1,4,2
716342,3,3,4,3,3,3,4,3,3,3,3,3,3,3,3,3,3,3,3,3,2,4,4,4,3,4,4,39,2,1,2
717646,2,4,4,2,4,4,4,3,4,2,2,2,2,2,2,2,2,2,2,2,2,2,2,2,2,2,2,30,2,9,2
723446,3,3,3,3,3,3,3,3,3,3,3,3,3,3,4,3,3,3,3,3,3,3,3,3,3,3,3,36,1,5,2
736451,2,2,2,2,2,2,2,2,2,2,2,2,2,2,2,2,2,2,2,2,2,2,2,4,4,2,2,32,1,4,2
738558,3,3,2,2,4,3,4,3,2,1,1,2,1,2,2,3,1,1,1,4,1,3,3,3,4,4,3,37,1,7,2
739500,4,2,4,2,4,4,2,1,4,1,1,1,4,1,1,1,3,2,2,3,2,5,5,2,2,2,2,29,1,5,2
739586,3,3,3,3,3,3,3,3,3,3,3,3,3,3,3,3,3,3,3,3,2,3,3,3,3,3,3,43,1,9,2
745346,3,4,4,4,4,5,4,3,5,2,1,3,3,3,3,3,4,3,3,4,2,4,4,4,3,4,4,49,1,30,2
745466,4,3,4,4,4,3,4,4,4,3,3,4,3,3,3,3,4,4,3,4,2,4,4,4,4,4,4,63,1,5,2
745588,3,3,3,3,3,3,3,3,3,3,3,3,3,3,3,3,3,3,3,3,3,3,3,3,3,3,3,37,1,15,2
745791,4,4,4,3,3,4,3,3,3,2,2,2,2,2,2,2,2,2,2,4,2,2,2,3,2,2,2,39,1,6,2
746137,1,1,1,1,1,1,2,1,1,1,1,1,1,1,1,1,1,1,1,1,1,2,2,2,2,2,2,52,1,0,3
746259,2,2,4,2,4,2,4,4,3,4,2,2,2,2,2,2,2,2,2,2,2,4,4,4,2,2,2,47,1,2,1
747365,3,4,4,3,4,4,3,3,4,3,2,3,3,3,3,4,3,3,3,3,2,4,4,4,3,3,3,48,1,12,2
758162,3,2,4,3,4,4,4,3,3,2,2,2,2,3,2,3,3,3,3,2,1,3,3,3,3,3,3,39,2,10,2
808115,3,3,3,3,3,3,3,3,3,3,3,3,3,3,3,3,3,3,3,3,3,3,3,3,3,3,3,36,1,3,2
814780,3,4,4,3,4,5,4,2,4,2,1,1,1,2,1,3,1,1,1,4,4,4,4,4,2,4,4,45,1,8,3
817013,2,4,3,4,3,3,2,1,3,1,1,2,2,3,2,2,2,2,2,3,3,3,4,3,2,2,3,42,1,2,2
827648,3,3,3,3,3,4,4,4,2,2,2,2,2,2,2,2,2,2,2,2,2,2,2,2,2,2,2,29,1,2,2
839267,3,4,4,3,3,3,4,2,3,1,3,3,2,2,2,3,2,2,3,3,2,3,3,3,3,3,3,39,1,3,2
848577,3,3,4,4,4,4,4,3,4,4,3,3,3,3,3,4,2,2,3,4,1,4,4,3,3,3,4,67,1,12,1
863889,2,2,4,4,3,3,3,3,4,3,2,3,2,2,2,2,3,3,3,3,3,4,4,4,3,3,3,24,1,2,2
867131,4,4,4,4,4,1,4,1,3,3,3,3,3,3,1,3,1,1,1,1,1,4,4,4,4,4,4,55,1,9,3
867145,5,1,5,5,5,5,5,3,3,3,1,3,3,3,1,4,2,2,2,2,2,3,3,3,3,3,3,39,1,10,2
867378,3,5,2,4,3,3,2,3,3,5,3,4,3,4,3,2,3,3,3,3,3,3,2,3,2,3,3,51,1,10,1
879877,4,2,5,2,5,3,4,3,4,2,2,2,2,2,2,2,2,2,2,2,2,4,4,4,4,4,3,46,1,21,1
881095,4,4,4,4,4,4,4,2,4,4,2,2,4,4,4,4,4,4,4,4,2,4,4,4,2,2,2,27,2,5,2
883007,4,4,4,4,2,2,4,2,3,1,2,1,1,3,1,2,1,1,1,3,2,4,4,4,4,3,3,65,1,20,1
884237,3,3,5,3,4,4,3,3,3,3,3,3,3,3,3,3,3,3,3,4,3,3,3,3,3,3,3,35,1,8,2
888980,3,4,4,4,4,3,2,3,4,1,1,4,1,1,1,1,1,1,1,1,1,4,1,1,1,1,1,56,2,8,2
893717,2,2,2,2,4,2,2,2,2,2,3,3,3,2,3,3,3,3,3,3,3,3,4,3,3,3,3,36,1,6,2
935265,4,3,4,3,4,4,3,3,3,3,4,3,4,4,4,2,1,1,3,3,1,2,3,2,2,2,4,37,1,4,2
949445,4,4,4,4,4,4,4,2,2,1,1,3,2,3,3,3,1,1,2,4,2,4,3,4,4,4,4,56,1,3,2
956449,3,3,4,4,4,4,4,3,3,3,3,3,3,3,2,2,2,2,2,2,2,2,2,2,2,2,2,38,1,6,2
973218,3,3,4,4,4,1,4,2,1,1,1,1,1,1,1,1,1,1,1,1,1,5,3,3,3,3,3,48,1,10,2
978149,3,3,3,3,4,3,3,3,3,3,3,3,3,3,3,3,3,3,3,3,3,3,3,3,3,3,3,57,1,5,2
985206,4,2,3,3,4,4,4,3,3,1,1,1,1,3,1,3,3,3,1,3,3,4,4,3,4,3,3,35,1,3,2
985371,3,3,3,3,3,3,3,3,3,3,3,3,3,3,3,3,3,3,3,3,3,3,3,3,3,3,3,35,1,5,2
994933,3,4,4,4,4,4,4,4,3,3,3,2,2,3,2,2,2,2,2,3,2,4,4,3,3,3,3,44,2,4,2
999462,4,2,4,4,4,4,4,4,4,4,4,3,3,3,3,3,4,4,3,4,2,4,4,4,4,4,4,46,2,5,1
1010394,2,3,3,3,3,3,4,3,3,3,3,2,1,2,1,1,1,2,1,2,1,3,3,4,2,2,2,39,1,5,1
1022501,5,4,4,4,5,5,5,2,4,2,2,2,2,2,2,4,4,2,2,4,2,5,5,5,5,4,4,35,2,2,2
1023468,4,2,4,3,4,4,4,3,4,3,3,2,2,4,2,4,4,3,3,4,5,4,4,4,4,4,3,40,1,10,2
1036708,3,3,3,3,4,3,3,3,3,3,3,3,3,3,3,3,3,3,3,3,3,3,3,3,3,3,3,38,2,5,2
1039397,3,5,5,4,3,4,4,3,3,3,3,3,3,3,3,3,2,2,2,3,3,3,4,4,3,4,3,56,1,11,2
1085764,3,3,5,1,4,4,4,3,3,2,3,3,2,2,1,3,3,3,2,3,1,2,2,3,2,3,3,65,1,13,2
1086805,3,4,4,3,4,4,3,2,3,3,2,3,3,3,3,3,4,4,3,3,2,3,3,4,3,3,3,33,2,5,2
1089839,4,3,4,4,4,4,4,4,3,3,3,3,3,3,3,3,3,3,3,3,3,4,4,3,3,3,3,46,1,10,2
1090117,3,4,4,4,3,3,3,3,3,3,1,3,3,3,3,3,3,3,3,3,3,3,3,3,3,3,3,49,1,27,2
1093567,2,2,4,4,4,4,4,2,4,2,2,2,2,2,2,4,4,4,2,4,2,4,3,4,2,4,4,39,1,10,2
1094672,3,4,4,3,3,3,4,3,3,2,3,1,1,1,1,2,2,3,1,4,1,3,3,3,3,3,3,43,1,7,2
1096039,2,4,4,3,3,3,3,4,3,2,3,3,2,3,3,2,3,3,3,2,3,3,4,3,3,4,4,48,1,3,2
1096843,4,3,5,4,4,2,3,3,4,4,3,3,1,2,1,2,3,3,1,3,1,3,3,3,3,3,3,43,1,22,2
1097579,3,3,4,2,4,4,4,3,2,3,2,3,2,2,2,3,2,2,2,3,2,4,4,4,3,3,3,59,1,3,2
1098363,3,3,4,3,4,4,4,2,3,3,3,4,3,3,3,4,3,3,3,4,2,3,4,3,3,3,3,41,1,12,2
1113463,3,4,4,2,4,4,4,3,4,4,3,3,4,4,3,2,4,3,3,4,3,4,4,4,4,4,4,60,1,20,2
1117818,1,3,2,1,1,1,1,1,1,1,1,1,1,1,1,1,1,1,1,1,4,3,1,1,1,1,1,52,1,29,1
1121296,3,4,2,3,4,4,4,2,3,2,1,2,2,2,3,4,3,3,3,4,2,2,2,2,2,2,2,37,2,10,2
1130074,2,2,4,2,4,4,4,2,3,2,1,1,1,3,2,2,1,1,1,4,2,4,4,4,3,3,3,30,2,0,2
1134342,3,4,3,3,4,4,3,3,3,4,2,3,3,3,3,3,4,3,3,3,2,4,4,3,3,3,3,40,1,10,1
1146449,4,3,4,4,4,3,3,2,3,2,2,2,2,2,2,3,3,2,2,4,3,4,4,4,4,4,4,48,1,10,2
1153655,4,3,3,3,3,3,3,3,3,3,2,3,3,3,3,3,3,3,3,3,3,3,3,3,3,3,3,49,2,20,2
1161010,3,4,5,4,3,2,4,1,4,1,1,1,1,1,1,3,1,1,1,4,1,4,3,3,3,3,3,42,1,8,2
1161878,3,4,4,3,3,4,4,3,3,3,1,2,2,3,1,4,3,3,3,4,2,4,2,2,2,2,2,46,1,5,2
1161977,3,4,4,3,2,4,4,3,2,2,2,4,4,2,3,3,2,2,2,4,4,4,4,3,2,3,3,46,1,20,2
1164152,2,2,2,2,2,2,3,3,3,3,3,3,2,2,2,3,3,3,3,3,3,3,2,2,2,2,2,48,1,15,2
1164917,3,3,3,3,3,3,3,3,3,4,3,3,3,3,3,3,3,3,3,3,3,3,3,3,3,3,3,62,1,10,1
1165197,3,3,4,3,4,4,4,4,4,3,3,3,3,3,3,3,3,3,3,3,2,4,4,4,4,4,4,35,1,10,2
1167432,3,4,4,4,4,4,4,2,4,3,4,1,1,1,1,1,1,1,1,1,2,4,4,4,4,4,4,55,1,10,2
1185656,2,4,4,2,4,2,3,3,4,3,3,1,1,1,1,1,4,4,1,3,1,4,4,4,3,3,3,66,2,34,1
1187555,2,2,2,2,2,2,2,2,2,2,2,2,2,2,2,2,2,4,4,3,2,2,2,2,2,2,2,52,1,20,3
1198417,4,2,4,4,4,5,4,3,4,4,4,5,4,4,4,4,4,3,4,4,2,4,4,4,4,4,4,40,1,1,2
1206875,4,2,4,4,4,4,3,3,3,2,2,2,1,2,2,1,1,2,2,3,1,4,4,4,3,3,3,37,2,1,2
1206945,4,4,5,3,3,3,3,3,3,3,2,1,1,1,1,1,1,1,1,1,4,4,1,1,1,1,1,39,1,10,2
1208948,3,4,3,4,4,4,4,4,4,4,4,4,4,4,3,3,4,4,4,4,2,4,4,4,4,4,4,60,1,25,3
1211226,4,3,4,3,4,4,3,3,4,3,2,1,1,1,1,3,1,2,2,3,1,4,4,3,4,3,3,47,1,8,2
1228135,3,4,5,4,4,5,4,5,5,1,1,4,1,1,1,4,1,1,1,3,2,4,4,3,3,1,1,52,1,7,2
1234734,2,2,4,4,3,3,3,3,3,3,4,3,3,3,3,3,2,2,2,2,2,4,4,4,4,3,3,39,2,15,1
1248001,3,3,4,4,3,2,3,2,3,3,3,3,3,3,3,3,3,3,3,3,3,4,4,4,4,3,3,41,1,5,2
1260644,2,4,4,2,2,4,3,2,2,1,1,3,3,4,3,3,3,3,4,4,4,4,4,4,4,3,4,45,1,5,2
1261965,4,2,4,4,4,4,3,3,2,2,2,2,2,2,2,2,2,2,2,2,2,4,4,4,3,3,3,45,2,5,2
1262200,4,4,4,4,4,4,4,3,4,3,3,3,3,3,3,3,3,3,3,3,2,4,4,4,4,4,4,31,2,3,2
1263883,4,4,4,3,4,3,4,3,4,3,3,3,3,3,3,3,3,3,3,3,2,5,5,4,3,3,3,38,2,5,2
1270788,2,4,4,2,3,4,3,2,1,1,1,4,1,1,1,1,2,1,1,1,1,1,1,1,1,1,1,35,1,3,2
1285347,2,2,3,3,2,2,2,2,2,2,2,3,3,3,3,3,2,2,2,2,2,4,4,4,4,3,3,44,1,20,1
1285449,3,4,4,4,4,4,4,3,4,3,3,4,3,3,3,3,3,3,4,4,3,3,4,4,3,4,3,34,1,8,2
1294079,4,2,4,3,4,4,3,3,3,3,3,3,3,3,3,3,4,3,3,3,4,4,4,4,4,4,4,42,1,0,2
1295827,3,3,4,4,4,4,4,2,3,2,2,3,2,2,2,2,2,2,2,2,2,4,3,2,2,2,2,45,1,10,2
1300482,3,3,3,3,4,3,3,3,3,3,3,3,3,3,3,3,3,3,3,3,3,3,3,3,3,3,3,53,1,5,1
1310092,2,5,5,5,3,1,4,3,1,1,1,1,1,1,1,1,1,1,1,2,1,4,4,4,4,3,3,42,1,12,2
1319124,4,3,4,4,4,4,4,3,4,4,3,3,3,2,1,3,3,3,3,4,1,4,4,4,4,4,4,37,1,4,3
1323041,3,3,3,3,3,3,3,3,3,3,3,3,3,3,3,3,3,4,4,5,3,3,3,2,2,2,2,44,1,2,2
1327589,4,4,4,4,4,4,4,4,4,1,1,1,1,3,1,2,1,1,1,4,1,4,4,4,4,4,4,33,1,9,2
1363834,2,4,4,4,3,2,1,2,3,1,1,1,1,1,1,1,1,1,1,1,3,3,3,3,3,3,3,42,1,3,2
1364529,4,3,3,3,4,4,3,3,3,3,3,3,3,3,3,3,3,3,3,3,3,4,3,4,3,3,3,49,1,5,3
1365741,4,4,4,4,4,4,4,3,4,1,1,1,1,1,1,4,4,4,1,4,1,3,4,1,4,4,1,36,2,5,2
1367197,1,1,1,1,1,1,1,1,1,1,1,3,3,3,3,4,1,1,1,1,1,3,3,4,3,3,3,40,1,1,2
1369470,1,1,4,4,3,2,4,3,4,4,3,4,2,3,3,3,3,3,3,3,4,4,3,2,2,2,2,62,1,20,1
1373051,3,3,4,4,4,4,4,4,4,3,2,2,2,4,2,2,4,2,2,2,2,2,2,2,2,2,2,38,2,1,2
1376352,2,4,4,4,4,4,3,3,3,3,3,3,3,3,3,3,3,3,3,3,2,3,3,3,3,3,3,34,1,8,2
1378051,1,4,1,1,4,1,1,1,1,1,1,1,1,1,1,1,1,1,1,1,1,1,1,1,4,1,1,40,1,5,2
1383295,3,3,4,3,3,3,3,3,3,3,3,3,3,3,3,3,3,3,3,3,3,3,3,3,3,3,3,41,2,9,2
1386849,4,2,4,2,4,4,2,2,2,2,2,2,2,2,2,2,2,2,2,2,2,4,2,2,2,2,2,34,1,3,2
1389058,2,4,5,4,5,4,4,2,3,3,2,2,2,2,2,2,2,2,2,4,2,4,4,2,2,2,2,40,1,5,2
1393373,4,4,5,3,4,4,4,2,3,1,2,2,2,2,1,3,2,2,1,2,1,4,3,3,3,3,3,34,1,12,2
1394074,4,2,4,3,4,4,2,2,3,3,4,1,1,1,1,1,1,1,1,1,1,3,3,3,3,3,3,40,1,5,1
1395077,4,4,5,4,4,4,3,3,5,3,1,4,4,4,4,3,2,2,4,3,1,4,4,4,4,4,4,41,1,3,2
1395337,4,4,5,5,5,5,3,3,1,1,1,1,1,1,1,3,1,1,1,1,1,4,4,3,4,4,2,36,1,6,2
1404341,4,4,4,3,3,3,2,2,2,2,3,4,4,4,4,3,3,3,4,3,2,4,4,3,3,3,3,22,1,0,2
1406171,3,4,3,4,3,1,1,1,4,1,1,1,1,3,1,1,1,1,1,3,3,3,3,3,3,3,2,59,1,2,2
1408187,3,3,4,3,4,4,4,3,3,2,2,4,4,4,3,4,2,2,2,2,2,2,2,2,2,2,2,42,1,5,2
1409494,4,3,3,3,3,4,4,3,3,3,2,3,3,4,3,4,2,2,2,3,3,4,4,4,4,3,3,50,1,9,2
1409733,3,3,3,3,3,3,3,3,3,3,3,3,3,3,3,3,3,3,3,4,3,3,3,3,3,3,3,37,1,5,2
1411130,2,4,3,4,3,3,3,3,4,3,4,3,3,3,3,3,3,3,3,3,2,4,3,3,3,3,3,60,1,3,3
1412453,4,1,4,4,4,5,4,4,4,3,3,2,2,2,2,4,2,2,2,4,1,3,3,3,3,4,4,36,2,10,2
1416485,4,4,4,4,4,3,4,4,2,1,2,2,2,1,1,4,3,4,3,3,4,2,4,4,4,2,2,29,1,7,2
1428887,4,4,3,3,4,4,3,3,3,3,3,3,3,3,3,3,3,3,3,3,3,3,3,3,3,3,3,34,2,2,1
1440295,4,2,4,3,4,4,3,3,3,3,3,3,3,4,3,3,3,3,3,3,2,4,4,4,4,3,3,33,1,3,2
1440355,4,4,4,3,3,4,2,2,2,2,3,2,2,2,2,2,2,2,2,3,2,4,4,2,3,3,3,45,1,0,2
1450470,2,4,4,4,4,4,2,2,2,2,2,2,2,2,2,2,2,2,2,3,3,4,3,4,3,3,3,39,1,15,2
1451912,3,3,4,4,4,4,4,3,4,3,3,2,2,2,2,3,2,2,2,3,3,4,4,3,4,3,3,52,1,20,3
1476480,2,3,5,1,3,3,3,3,3,3,2,2,2,2,2,3,2,2,2,4,3,4,4,4,4,4,4,48,1,12,2
1504863,4,4,3,3,3,3,3,3,3,3,3,3,3,3,3,3,3,3,3,3,3,3,3,3,3,3,3,50,1,1,2
1508794,3,1,4,3,4,4,4,3,3,3,2,2,2,2,2,2,2,2,2,3,3,3,2,3,3,3,3,67,1,2,1
1511240,1,4,4,4,1,1,1,1,1,1,4,4,2,2,4,2,2,2,2,2,2,4,4,2,2,2,2,58,1,12,2
1511664,2,5,4,4,3,4,3,3,3,2,2,1,1,1,1,2,2,2,1,2,2,2,2,3,2,3,3,42,1,12,2
1512246,3,2,4,3,4,4,4,4,3,3,3,3,3,3,3,3,3,3,3,4,2,4,4,3,4,3,3,30,1,8,2
1513823,4,2,4,2,4,4,4,4,4,4,2,3,2,4,2,2,4,2,2,4,2,4,4,4,4,4,2,48,2,8,2
1538465,2,2,4,2,4,4,2,1,4,1,1,1,1,1,1,1,1,1,1,2,1,5,5,5,4,4,4,44,1,10,2
1542319,2,2,2,2,2,2,2,2,2,2,4,2,2,2,2,2,2,2,2,2,2,2,2,2,2,2,2,32,2,2,1
1554537,3,3,3,3,3,3,3,3,3,3,3,3,3,3,3,3,3,3,3,3,3,3,3,3,3,3,3,49,1,0,2
1554755,3,2,4,4,4,4,4,3,3,3,3,2,2,2,2,2,2,2,2,4,2,4,4,4,4,3,3,44,1,3,2
1568958,2,4,4,5,4,2,4,3,4,2,2,2,2,2,2,2,2,2,2,3,2,3,3,4,4,3,3,27,1,2,2
1569644,4,4,4,4,4,4,4,4,4,4,4,4,4,4,3,4,4,4,4,4,4,4,4,4,4,4,4,35,1,10,2
1571035,4,2,4,4,5,5,4,4,4,2,2,4,3,3,3,2,2,1,2,5,1,4,4,4,4,4,3,53,1,2,2
1571061,3,4,4,3,4,2,4,1,3,1,1,4,4,3,2,2,2,2,3,3,4,2,4,2,2,2,2,40,1,1,2
1571769,2,1,4,2,2,4,4,4,2,1,1,1,1,1,1,1,1,1,1,1,1,4,4,4,2,2,2,36,2,1,2
1574884,4,3,4,4,3,3,4,3,3,2,2,3,3,3,3,3,3,3,3,3,3,3,3,3,3,3,3,29,1,4,2
1575467,2,1,4,3,3,2,2,3,2,3,3,2,3,4,1,1,3,2,4,4,3,2,1,3,3,2,3,38,1,4,2
1579506,4,2,4,4,4,4,4,3,3,3,3,3,1,2,1,2,2,2,1,3,1,4,4,4,4,3,3,68,1,10,3
1580304,3,4,4,4,4,4,4,4,4,3,2,2,2,2,2,3,3,3,3,3,4,4,4,3,4,4,3,47,1,10,2
1582401,3,4,4,4,4,4,4,4,3,2,1,1,1,2,1,3,1,1,1,3,4,4,4,3,4,4,4,54,1,8,2
1582676,1,4,3,4,3,2,4,1,1,1,1,1,1,1,1,1,4,4,1,1,1,3,4,4,1,1,1,40,1,1,2
1583360,4,3,4,4,4,4,4,3,3,3,3,3,3,3,3,3,4,4,3,3,2,4,4,3,3,3,3,52,2,15,2
1590490,4,4,4,4,4,4,2,2,1,1,1,1,1,1,1,1,1,1,1,1,1,1,1,1,1,1,1,40,1,4,2
1591022,3,4,2,2,2,2,2,2,1,1,1,1,1,1,1,1,1,1,1,4,3,2,2,2,3,2,2,42,1,6,2
1592983,4,2,4,4,4,4,4,2,3,2,1,2,2,2,2,4,1,1,1,3,3,3,3,4,4,1,1,44,1,4,2
1595370,4,4,4,4,4,4,4,4,3,3,3,2,2,2,2,2,4,3,2,4,3,4,4,4,3,4,4,57,1,4,2
1596125,2,4,4,4,3,4,4,4,4,4,4,2,2,2,2,2,2,2,2,2,2,2,2,2,2,2,2,44,2,0,2
1596935,3,4,2,4,2,2,2,2,1,2,2,2,2,2,2,2,2,2,2,2,1,2,2,2,2,2,2,46,1,4,2
1598414,3,2,3,2,2,4,3,3,3,3,3,3,3,3,3,3,4,3,3,3,2,2,2,2,2,2,2,52,1,4,2
1598641,3,4,4,2,3,3,2,2,3,3,3,3,3,3,3,3,3,3,3,3,2,3,3,3,3,3,3,44,1,2,1
1599024,4,3,4,4,4,4,4,3,3,3,3,3,3,3,3,3,4,4,3,4,3,3,3,3,3,3,3,59,2,20,2
1600090,1,5,5,5,5,5,1,1,1,1,1,1,1,1,1,1,1,1,1,5,5,5,5,5,5,1,1,40,1,2,2
1600666,2,2,3,2,4,3,4,3,4,3,2,2,2,2,2,2,2,2,2,2,2,2,2,2,2,2,2,65,1,20,2
1646780,2,4,4,3,3,4,3,3,3,3,3,3,3,3,3,3,3,3,3,3,1,3,4,3,3,3,3,32,1,1,2
1647329,3,3,4,3,3,4,3,3,3,3,3,3,3,3,3,3,3,3,3,3,2,3,3,3,3,3,3,46,1,2,2
1664059,4,3,4,4,4,4,4,4,4,4,3,3,3,3,3,3,2,2,3,4,4,4,4,3,4,4,4,56,2,5,3
1674310,2,2,4,2,2,4,4,2,2,2,1,1,1,1,1,1,1,1,1,1,1,4,4,4,4,4,4,34,2,2,2
1676647,4,3,4,4,4,5,2,2,4,2,2,4,2,2,3,4,3,3,4,2,1,5,5,4,4,4,4,39,2,1,2
1678018,3,4,4,4,4,4,4,4,1,1,1,1,1,1,1,1,1,1,1,1,1,4,4,1,1,1,1,32,1,5,2
1694236,4,3,4,2,4,4,4,3,4,4,4,4,4,4,4,4,4,4,4,4,2,4,4,3,4,4,3,37,2,15,2
1705674,3,3,4,3,3,3,4,4,3,3,2,3,3,3,3,3,3,2,4,3,3,3,4,4,3,3,3,68,1,37,2
1711246,3,3,4,3,3,3,3,3,3,3,3,3,3,3,3,3,3,3,3,3,3,3,3,3,3,3,3,36,2,3,2
1720573,4,5,4,3,3,4,4,3,3,3,2,1,1,1,1,1,1,1,1,2,5,4,4,4,3,4,4,51,1,21,2
1731034,2,4,4,4,2,2,2,2,2,2,2,2,2,2,2,2,2,2,2,2,2,4,4,4,4,2,2,24,1,3,2
1731208,4,3,4,3,3,3,3,3,3,3,4,3,3,3,2,2,2,2,2,4,3,4,3,3,3,3,3,49,2,2,1
1735864,4,3,4,4,3,4,3,3,4,4,4,4,3,4,3,2,3,2,4,4,4,4,3,4,4,3,3,39,1,6,2
1745410,3,4,4,4,4,4,3,3,3,3,3,4,3,4,4,3,3,3,4,3,2,4,4,4,4,4,4,32,2,12,2
1750778,4,2,4,2,4,4,4,2,2,2,2,2,2,2,2,2,2,2,2,2,2,4,4,3,4,4,4,48,1,15,2
1751234,4,2,3,3,3,4,4,3,3,3,3,3,3,3,3,3,3,3,4,4,2,4,4,4,4,4,4,54,1,8,2
1753218,2,3,4,3,4,5,4,3,2,3,4,3,3,4,3,3,3,3,3,4,3,4,4,4,3,3,3,43,1,10,2
1768506,4,2,4,4,3,2,2,2,4,4,2,2,2,2,2,2,2,2,2,2,2,2,2,2,2,2,2,36,2,10,2
1772597,4,2,4,2,4,4,3,2,2,2,3,3,3,4,3,3,4,4,4,3,2,2,2,2,4,4,3,30,1,2,2
1778835,1,3,5,3,3,1,4,3,1,1,1,1,1,1,1,3,3,3,1,3,1,5,1,1,1,3,3,34,1,9,2
1784357,3,3,3,3,4,4,3,3,3,3,2,2,2,2,1,2,3,3,1,2,1,3,3,3,3,3,3,51,1,28,3
1785365,3,4,4,3,4,2,3,2,3,4,4,3,2,4,2,3,4,4,3,4,2,4,4,4,4,2,2,61,1,3,3
1797693,4,3,4,2,4,4,4,3,4,3,1,1,2,2,1,4,3,3,1,4,2,4,4,4,4,3,3,42,1,3,2
1804901,3,3,3,3,3,3,3,3,3,3,3,3,3,3,3,3,3,3,3,3,3,4,3,3,3,3,3,35,1,4,2
1805377,3,4,3,4,3,2,3,3,3,2,4,3,2,3,4,4,3,3,3,3,3,3,4,3,2,2,2,50,1,10,2
1809017,3,3,3,3,3,3,2,2,2,2,3,3,3,3,3,3,3,3,3,3,3,3,2,2,2,2,2,29,2,5,2
1818767,4,4,4,4,4,4,4,3,3,3,3,3,3,3,3,3,3,3,3,3,3,4,4,4,4,3,3,36,1,5,2
1819340,3,4,3,3,3,3,3,3,3,3,3,3,3,3,3,3,3,3,3,3,3,3,3,3,3,3,3,55,1,5,2
1832109,3,4,3,3,3,3,3,3,2,1,1,1,1,1,1,1,3,3,1,2,1,4,4,4,4,4,4,37,1,5,2
1834556,3,4,5,3,4,5,4,2,4,4,4,3,3,3,3,4,4,4,3,3,3,4,4,4,3,3,3,29,2,10,3
1838512,3,3,4,3,4,3,3,3,3,3,3,3,3,3,3,3,2,2,2,3,3,3,3,3,3,3,3,38,1,0,2
1840566,4,3,5,3,5,5,5,2,3,2,2,3,3,3,3,3,3,3,3,3,3,4,3,3,3,3,3,39,1,10,2
1840834,3,4,4,4,4,5,4,2,3,3,2,4,3,3,3,3,4,3,4,4,2,3,3,3,2,2,2,42,1,2,2
1845843,4,4,3,4,4,4,4,4,4,4,3,4,4,4,4,3,4,4,4,4,4,4,4,4,4,4,4,67,1,10,2
1854491,2,4,4,4,4,4,3,3,4,3,2,2,2,2,2,2,2,2,3,4,2,4,4,3,3,2,2,39,1,1,2
1854832,4,4,5,5,4,4,5,5,4,4,5,2,1,1,1,3,4,4,1,4,2,4,4,4,5,4,4,34,1,8,2
1859238,4,2,4,2,5,5,5,2,2,2,2,4,3,3,3,2,2,2,3,2,2,5,5,2,5,5,5,41,2,4,2
1861511,3,4,3,3,3,5,3,3,3,3,1,4,5,5,3,2,1,1,1,3,3,4,4,4,4,4,4,49,1,5,2
1865577,3,2,2,2,2,3,3,2,1,1,1,1,2,1,1,1,1,1,1,1,1,1,1,1,1,1,1,39,1,4,2
1866822,3,4,3,4,2,2,2,2,2,2,2,2,2,2,2,2,2,4,2,2,2,2,2,2,2,2,2,48,2,2,2
1880070,3,4,4,4,4,3,4,3,4,2,2,2,1,3,2,3,3,3,2,4,2,4,4,4,4,4,4,60,1,4,1
1882067,3,3,4,3,3,3,4,3,3,3,2,3,3,3,3,3,2,2,3,3,2,4,4,3,3,3,3,41,1,4,2
1884384,2,4,3,3,4,3,4,3,3,3,3,3,3,3,3,4,3,3,3,3,2,4,3,3,3,3,3,53,1,3,1
1885273,4,2,4,4,4,4,2,2,2,2,2,2,2,2,2,2,2,2,2,2,2,2,2,2,2,2,2,41,1,10,2
1888451,1,1,4,2,2,2,2,2,2,2,2,2,2,2,2,2,2,2,2,2,2,2,2,2,2,2,2,53,1,1,1
1888909,2,4,3,2,3,3,3,3,3,2,2,3,2,2,2,2,2,2,2,2,2,3,2,3,3,3,2,42,1,3,2
1902093,3,3,4,3,4,4,4,4,3,3,3,3,3,3,3,3,3,3,3,3,2,3,4,4,4,3,4,36,1,3,2
1933233,2,4,4,2,4,4,4,3,2,1,1,2,1,1,2,3,2,1,1,4,1,4,4,5,3,3,3,33,2,6,2
1945391,2,4,4,3,3,2,4,1,3,2,2,3,4,3,3,4,4,4,3,4,2,4,4,4,4,4,4,35,1,15,3
1965804,2,4,4,4,4,4,3,2,4,2,2,4,4,4,4,4,2,2,4,2,2,2,4,4,2,2,2,36,1,6,2
1968095,4,2,2,4,4,2,2,2,2,2,2,2,2,2,2,4,2,2,2,2,2,4,2,2,2,2,2,33,1,2,2
1980957,3,3,4,3,4,4,4,3,4,4,3,3,3,3,3,3,3,3,3,3,3,4,4,4,4,4,4,60,2,15,3
1981854,3,3,3,3,3,3,3,3,3,4,4,3,3,3,3,3,3,3,3,3,2,3,3,3,3,3,3,50,2,2,1
1986924,2,4,4,2,4,3,3,3,3,4,4,3,3,3,3,3,4,4,3,3,2,4,3,3,3,3,3,42,2,19,1
1992718,2,4,4,1,5,4,2,1,3,1,1,4,4,4,4,4,2,1,4,4,1,2,2,2,2,2,2,34,1,10,2
2005679,4,5,4,5,3,3,3,3,4,1,1,2,2,2,2,4,1,1,3,3,1,4,4,4,4,4,4,63,1,6,2
2009367,3,4,4,3,4,4,3,3,3,2,2,2,2,2,2,2,2,2,2,2,1,2,2,2,2,2,2,43,2,8,2
2011743,3,3,4,4,4,5,3,3,3,1,1,3,3,2,2,2,2,2,2,4,2,4,3,3,3,3,3,37,2,4,2
2029343,3,3,3,3,3,3,3,3,3,3,3,3,3,3,3,3,4,3,3,3,3,4,3,4,3,3,3,37,1,2,2
2030354,2,4,4,3,2,1,5,2,3,3,2,2,2,2,2,3,3,3,3,3,2,4,4,4,2,4,4,58,1,20,2
2030591,4,2,4,3,4,4,4,3,3,3,3,2,2,2,2,2,3,3,3,3,3,4,4,4,3,3,3,68,1,5,3
2031828,4,2,4,2,3,2,3,3,4,4,4,3,2,2,2,2,1,1,2,2,2,4,4,4,4,4,4,51,2,5,2
2033017,4,3,4,4,4,3,4,3,3,3,2,3,3,3,3,3,2,2,3,3,2,4,3,3,3,3,3,75,1,17,3
2048635,3,3,4,2,2,2,3,3,3,3,3,4,3,3,3,4,4,3,3,4,4,4,4,4,4,3,4,36,1,5,2
2056962,3,3,3,3,3,3,3,3,3,3,3,3,3,3,3,3,4,4,4,3,2,3,3,3,3,3,3,37,1,4,2
2096746,2,4,4,2,2,2,3,2,3,3,3,1,2,1,1,2,3,2,2,3,2,5,5,5,3,3,3,35,1,5,2
2105488,2,2,4,3,4,3,3,3,4,3,3,2,2,2,2,2,2,2,2,4,2,4,3,3,3,3,3,38,2,10,2
2119231,4,4,4,2,3,4,4,2,2,1,1,1,2,2,1,1,1,1,1,1,2,4,3,2,2,2,3,37,2,3,2
2147719,2,4,4,3,3,4,3,4,4,3,3,3,3,3,3,3,3,3,3,4,2,4,3,3,3,3,3,63,1,6,2
2166490,3,3,4,4,4,4,4,4,2,1,1,1,1,3,1,2,2,1,1,4,1,3,3,3,3,3,3,37,2,4,2
2170364,4,2,4,4,4,4,4,3,4,4,2,3,3,3,1,2,2,2,1,4,2,4,4,4,4,4,4,55,2,22,1
2171798,3,3,3,3,3,4,4,3,3,3,2,2,2,2,2,2,2,2,2,2,2,3,3,3,2,2,2,35,1,6,2
2182089,3,4,5,4,4,1,4,1,4,1,1,1,3,1,1,4,1,1,1,4,1,5,5,5,3,1,1,30,1,5,2
2182339,3,4,4,3,4,3,4,4,3,3,3,2,2,2,2,3,2,2,2,2,1,1,4,3,3,3,3,65,1,10,3
2219296,4,2,4,4,4,4,4,4,4,4,3,3,3,3,3,3,3,3,3,3,3,4,4,4,4,4,4,54,1,20,3
2220721,4,3,4,4,3,4,4,3,4,4,3,4,3,3,3,3,4,3,3,4,3,4,4,4,4,4,3,70,2,30,3
2244295,3,3,4,3,3,3,3,3,3,2,3,3,3,3,3,3,2,2,2,4,2,4,4,3,3,3,3,53,1,20,2
2249542,2,4,4,4,4,5,3,2,2,2,2,2,2,2,2,2,2,2,2,2,4,4,2,2,2,2,2,30,2,5,2
2256558,3,4,5,1,3,2,3,3,4,3,2,2,2,2,2,4,3,3,3,4,2,3,3,2,2,2,2,23,1,1,2
2272308,4,3,4,4,4,1,1,1,4,1,1,4,1,4,1,1,1,1,1,4,1,4,4,4,4,4,4,50,1,5,2
2282622,4,3,4,3,4,4,3,3,2,2,3,2,2,2,2,3,3,3,2,3,3,4,4,3,4,3,3,29,2,7,2
2291051,3,4,4,3,4,4,4,3,4,3,3,3,3,3,3,3,3,3,3,3,4,4,4,4,4,4,4,54,1,30,2
2299231,3,4,4,4,4,2,3,3,3,2,1,2,2,2,2,2,2,2,2,3,2,4,4,3,3,3,3,48,1,3,2
2299854,4,4,3,3,3,4,3,3,3,3,3,3,3,3,3,3,3,3,3,3,2,3,3,3,3,3,3,34,2,1,2
2301660,4,2,4,1,2,2,2,2,2,2,2,2,2,2,2,1,2,2,1,2,1,1,4,2,2,4,2,37,1,2,2
2306370,3,3,4,3,4,5,4,2,4,2,2,3,3,3,3,3,3,3,3,5,2,4,4,4,4,3,3,57,1,10,2
2309374,3,4,4,3,4,4,4,3,3,2,2,2,2,2,2,2,2,2,2,3,2,4,4,4,4,4,4,41,1,5,2
2319329,2,4,4,2,4,4,2,2,3,2,2,3,3,3,3,3,2,2,2,2,2,4,4,2,2,2,2,40,1,5,2
2321665,3,3,3,3,3,3,3,3,3,3,3,3,3,3,3,3,4,3,3,3,3,3,3,3,3,3,3,35,1,5,2
2332138,2,4,4,4,3,3,3,3,3,2,1,3,3,3,3,3,4,3,3,3,3,4,4,3,3,3,3,64,2,2,2
2347564,2,2,2,2,2,2,2,2,2,2,2,2,4,2,2,2,2,2,2,2,2,2,4,4,2,2,2,31,1,5,2
2347573,3,3,4,3,3,3,3,3,3,3,2,2,2,2,2,4,2,2,2,2,3,4,2,4,2,2,2,43,2,10,2
2365366,4,3,4,3,4,3,3,3,4,3,3,4,3,3,3,3,3,3,3,3,3,3,4,4,4,4,4,47,1,20,1
2381877,3,3,4,2,3,4,3,3,3,3,3,3,3,3,3,3,3,3,3,4,2,3,3,3,3,3,3,44,2,10,1
2390622,3,3,4,3,1,1,4,4,3,1,1,4,4,4,4,1,4,3,4,3,1,1,2,2,1,1,1,44,1,5,2
2392715,3,2,4,4,4,4,4,3,4,4,4,4,3,3,3,3,3,3,3,4,4,4,4,4,4,4,3,61,1,1,2
2405764,2,3,4,3,4,4,2,2,2,1,1,1,1,1,1,1,1,2,1,3,1,1,3,4,3,2,2,33,2,1,2
2427998,4,2,3,3,3,2,3,3,3,3,2,2,2,2,2,2,1,1,1,3,2,4,3,4,4,4,4,44,1,6,2
2432815,4,3,4,4,4,3,3,3,4,3,3,3,2,2,2,2,3,3,2,2,2,4,4,4,4,4,4,39,2,0,2
2440614,2,3,4,2,4,4,3,3,2,2,2,3,2,2,2,3,2,2,2,2,1,4,3,3,3,2,2,37,1,4,2
2440678,3,3,3,3,3,4,3,3,4,4,3,4,3,3,3,3,3,3,3,3,3,3,3,3,3,3,3,37,1,1,2
2489640,3,2,4,4,4,3,3,3,3,3,3,3,3,3,3,3,4,3,3,3,3,4,3,4,3,3,3,35,2,7,3
2509360,4,2,4,4,4,4,3,3,4,3,4,2,3,3,3,3,3,3,3,4,2,3,3,3,3,4,2,41,2,3,1
2520736,3,3,3,3,3,3,3,3,3,3,3,3,3,3,3,3,3,3,3,3,1,1,3,3,3,3,3,33,1,5,2
2534137,2,4,5,2,2,4,4,2,2,2,2,4,4,2,2,4,2,2,4,4,1,5,4,5,2,4,4,43,1,5,2
2553069,3,3,4,3,4,4,3,3,3,3,3,3,3,3,3,3,3,3,3,3,3,3,3,3,3,3,3,29,2,0,2
2570025,4,2,4,4,4,4,4,4,4,4,1,2,2,2,2,2,4,4,2,4,3,4,4,3,4,3,3,39,2,6,2
2579584,3,4,4,4,4,4,4,4,4,2,2,3,2,2,2,2,2,2,2,2,2,2,2,2,2,2,3,33,1,2,2
2613691,4,3,4,4,4,2,4,3,3,1,1,3,3,3,3,3,2,2,3,4,2,4,4,4,4,4,4,73,1,10,2
2616493,3,3,4,4,4,4,4,3,3,2,2,4,4,4,4,3,3,3,4,3,1,3,3,3,3,3,3,37,2,4,2
2669031,3,2,5,2,4,1,4,1,4,3,2,2,3,2,2,2,2,2,2,4,2,4,4,4,4,4,4,45,1,2,2
2680625,3,3,4,3,3,3,4,3,4,3,3,3,3,3,3,3,3,3,3,3,3,4,3,3,4,3,3,31,2,2,2
2682925,4,2,4,3,4,4,4,4,4,2,2,4,4,4,4,4,4,4,4,4,3,3,4,4,4,4,3,45,2,3,3
2688059,2,4,3,2,2,2,3,3,2,2,1,2,2,1,1,1,2,2,1,4,2,3,4,4,3,3,3,57,1,3,2
2705612,3,3,4,4,3,3,3,3,4,4,4,3,3,3,3,3,3,3,3,4,2,3,3,3,3,3,3,47,2,10,1
2729677,3,2,4,4,4,4,4,4,4,2,2,2,2,1,1,2,2,2,2,2,3,4,4,4,4,4,4,33,2,10,2
2732817,4,4,4,4,4,4,4,4,4,4,4,4,4,4,4,4,4,4,4,4,4,4,4,4,4,4,4,39,1,10,3
2732968,4,3,3,3,3,3,3,3,3,3,3,3,3,3,3,3,3,3,3,3,3,3,3,3,3,3,3,53,1,5,2
2737280,3,3,4,3,4,3,3,3,3,3,3,3,3,3,3,3,3,3,3,3,3,4,4,4,3,3,3,59,1,12,2
2738533,4,4,4,2,3,2,2,2,4,1,1,1,1,1,1,1,1,1,1,4,4,4,4,4,3,2,2,38,1,5,2
2750107,4,3,4,4,4,4,4,3,3,2,2,3,3,3,3,3,3,3,3,3,2,3,2,2,2,3,3,35,2,10,2
2750250,4,2,4,4,4,4,4,3,3,2,2,2,2,2,2,3,2,2,2,3,2,4,4,4,3,4,4,27,1,4,2
2750775,3,3,4,4,4,4,4,3,3,3,3,3,3,3,3,3,3,3,3,3,3,3,3,3,3,3,3,39,1,3,2
2757300,3,3,3,3,3,3,3,3,3,4,4,3,3,3,3,3,3,3,3,3,2,2,2,3,3,3,3,61,1,20,1
2769912,4,3,4,4,4,3,3,3,3,4,4,4,4,4,4,3,4,4,4,4,3,3,3,4,3,4,4,39,2,8,1
2771895,4,2,5,2,4,5,4,3,4,3,1,3,4,3,3,2,1,1,3,4,1,4,4,4,4,4,5,35,2,8,2
2801758,4,2,5,5,5,5,4,4,3,2,2,2,2,2,2,1,1,1,1,2,2,4,4,4,2,4,4,42,1,5,2
2809816,2,4,4,3,3,4,3,3,3,3,2,3,3,3,3,3,3,3,3,3,2,3,3,3,3,3,3,54,1,10,2
2810245,3,3,4,3,4,5,3,3,3,3,2,2,2,3,2,2,2,2,2,1,2,4,4,4,3,3,3,37,1,4,2
2822616,3,3,3,3,3,3,3,3,3,3,1,1,1,1,1,3,1,1,1,2,1,1,1,4,1,1,1,29,2,10,3
2837173,4,3,4,3,3,3,4,3,3,3,3,1,1,1,1,1,1,1,1,1,1,1,1,1,1,4,4,44,1,20,2
2841903,3,3,4,4,3,4,3,3,3,3,3,3,3,3,3,3,3,3,3,3,3,3,3,3,3,3,3,49,1,2,2
2870861,3,3,4,2,4,4,3,1,3,3,1,2,2,2,2,3,3,2,2,3,1,4,4,4,4,4,4,44,2,1,2
2870865,3,4,4,4,4,5,4,2,3,4,4,4,2,1,1,4,2,2,1,3,4,4,4,4,4,2,2,39,2,4,3
2875303,5,4,4,4,4,4,4,4,4,2,4,4,4,4,4,4,2,4,4,4,2,4,4,4,4,4,4,32,1,4,2
2889052,2,2,2,2,2,2,2,3,3,4,4,3,3,2,2,2,2,2,2,2,4,2,3,3,3,3,3,56,2,3,1
2904874,3,3,4,3,3,2,4,4,3,2,2,3,3,4,3,2,2,2,3,2,2,4,4,4,3,4,4,63,2,10,2
2908225,4,3,4,4,4,4,2,3,3,3,3,4,3,3,3,3,3,3,3,3,2,3,3,3,3,3,3,40,2,5,2
2913913,2,2,4,4,4,4,3,3,4,5,3,4,4,4,2,3,3,3,3,5,2,4,4,3,3,3,3,44,2,10,3
2918712,2,2,2,2,2,2,2,2,2,2,2,2,2,2,2,2,2,2,2,2,2,2,2,2,2,2,2,33,2,4,2
3000135,2,4,2,2,2,5,2,2,2,2,2,2,2,2,2,2,4,4,2,4,2,4,4,4,4,2,2,29,2,5,2
3001552,4,3,3,3,3,4,3,3,3,3,3,1,1,1,1,1,4,4,1,3,3,4,4,4,4,4,4,39,2,10,1
3002198,3,3,4,3,4,4,3,3,3,3,3,3,3,3,3,3,3,3,3,3,3,3,3,3,3,3,3,29,1,4,2
3006810,4,3,4,4,4,4,4,4,4,3,3,3,4,3,3,3,3,3,3,3,3,3,3,3,3,3,3,32,1,3,2
3007624,4,2,4,5,5,4,3,1,3,3,3,3,2,2,3,3,4,4,3,4,2,4,4,4,4,4,4,31,1,4,2
3008214,3,3,3,3,3,3,3,3,3,2,1,3,3,3,3,2,1,1,3,3,2,3,3,3,3,3,3,30,1,3,2
3008699,3,4,3,3,3,3,3,3,3,3,3,3,3,3,3,3,3,3,3,3,3,3,3,3,3,3,3,33,1,5,2
3008829,3,2,5,3,4,4,5,5,3,3,4,3,3,3,3,3,3,3,3,4,1,4,4,4,3,4,4,68,1,30,1
3009133,3,1,3,3,3,4,3,3,3,3,3,2,2,2,2,3,2,2,2,2,1,2,4,4,4,4,3,37,2,4,1
3009732,3,3,4,4,3,1,4,3,3,3,3,3,3,3,3,3,3,3,3,4,3,3,3,3,3,4,4,38,2,10,1
3009750,2,2,4,3,4,5,4,4,3,4,3,2,2,2,2,2,2,2,2,4,2,3,4,3,3,4,4,44,2,7,1
3009778,4,2,4,4,4,5,5,4,4,3,3,3,3,3,3,3,4,4,3,4,2,4,4,4,4,4,4,59,1,5,1
3009889,4,3,3,3,3,3,3,3,3,3,3,3,3,3,3,3,3,3,3,4,3,3,3,3,3,3,3,35,1,6,2
3010311,2,2,2,2,2,2,2,2,2,2,2,2,2,2,2,2,2,2,2,2,2,2,2,4,2,2,2,38,1,3,2
3010316,2,2,2,2,2,4,4,3,3,3,4,3,3,3,3,3,5,5,3,3,1,3,2,3,3,3,2,54,2,3,2
3010329,2,2,3,3,4,4,2,2,2,2,2,2,2,2,2,3,2,2,2,2,4,2,2,2,2,2,2,55,1,32,2
3010917,2,1,3,2,3,3,3,3,3,3,2,2,2,2,1,1,1,1,3,2,2,3,2,2,2,2,2,67,1,4,2
3011036,3,4,4,4,3,4,4,3,4,1,1,4,1,1,1,2,3,3,3,2,2,4,4,4,4,4,4,37,2,3,2
3011121,3,3,4,3,3,2,2,2,2,2,2,2,2,2,2,2,2,2,2,2,3,3,4,4,3,4,3,56,2,15,3
3012665,2,3,4,4,4,3,4,2,3,3,2,3,2,2,2,3,3,3,2,4,2,4,4,4,3,4,4,31,1,5,2
3013357,2,4,4,4,4,4,3,3,3,3,3,3,3,3,3,3,3,3,3,3,1,4,3,3,3,3,3,37,2,5,3
3014403,2,4,3,3,3,1,3,2,3,2,1,3,3,3,3,3,1,2,2,3,3,3,3,2,3,3,3,47,1,20,2
3016558,4,3,3,3,3,4,3,3,3,3,3,3,3,3,3,3,3,3,3,3,3,4,3,3,3,3,3,29,1,6,2
3017246,4,2,4,4,4,4,4,4,4,4,4,4,4,4,3,3,4,4,3,3,3,4,4,4,3,3,3,51,1,10,3
3017659,4,4,4,2,2,4,4,2,2,2,2,3,3,3,3,3,3,3,3,3,3,4,3,4,3,3,3,47,2,6,2
3018456,5,5,5,5,5,5,4,4,4,4,4,4,2,4,2,4,2,2,2,2,2,5,5,5,5,5,5,26,1,4,2
3018556,4,3,4,3,4,4,4,4,3,1,1,3,3,3,3,3,3,3,3,1,1,4,4,4,4,3,3,39,2,4,2
3019459,4,2,4,4,4,4,3,2,3,3,3,2,2,2,2,2,2,2,1,4,1,4,2,2,4,2,2,34,1,2,2
3019558,3,3,4,3,4,4,4,3,3,3,2,2,2,2,2,2,3,3,2,3,2,4,4,3,3,3,3,45,1,5,2
3021570,3,4,4,4,4,2,3,2,2,2,4,4,3,3,3,2,2,2,2,4,2,4,2,2,2,2,2,49,2,6,2
3022542,4,2,4,2,2,5,3,2,4,2,2,4,2,2,2,4,4,4,2,4,2,2,2,4,3,3,3,37,2,2,2
3024679,5,1,5,5,5,5,5,2,4,4,4,1,1,1,1,4,1,1,1,1,1,4,4,4,4,4,4,40,2,3,3
3024941,4,2,4,4,5,5,2,2,4,4,3,2,2,2,2,2,2,2,2,4,2,4,4,4,4,3,3,48,1,20,2
3025609,4,2,4,3,3,4,4,3,3,4,4,3,3,3,3,3,3,3,3,3,3,3,3,3,3,3,3,34,1,1,2
3025802,4,2,4,3,4,4,2,2,4,4,3,2,2,2,2,4,2,2,2,2,4,4,4,4,4,4,4,33,2,5,3
3025892,4,2,2,4,2,4,2,2,3,2,2,2,2,2,2,2,2,2,2,2,4,2,2,2,2,2,2,38,2,1,2
3026387,3,4,4,3,3,5,3,3,3,3,3,3,3,3,3,3,3,3,3,3,3,5,3,5,3,3,3,37,1,7,2
3026471,4,3,4,4,3,3,4,3,3,3,2,1,1,1,1,1,2,2,2,3,1,4,3,3,2,3,3,54,2,4,1
3026488,3,4,4,3,4,4,4,3,2,3,2,2,3,2,3,2,2,3,2,2,2,3,2,3,2,2,2,34,2,20,2
3029189,2,4,4,2,4,4,4,3,2,3,3,1,1,1,1,1,2,2,1,4,2,4,4,4,4,4,4,58,2,35,1
3034372,3,4,4,4,3,4,4,3,4,2,2,3,3,3,3,3,4,4,3,4,1,4,4,4,4,3,3,58,2,25,2
3034383,3,2,4,4,3,3,2,1,1,1,1,2,3,3,3,2,2,3,4,4,2,3,3,4,4,3,3,42,1,10,2
3035243,4,3,5,4,4,4,4,4,4,4,3,3,3,3,3,3,3,3,3,4,3,4,4,4,4,4,4,49,2,15,2
3035501,3,3,4,3,4,4,3,3,3,3,3,3,3,3,3,3,3,3,3,4,2,3,3,3,3,3,3,47,1,10,3
3036835,4,2,5,4,5,5,5,4,3,3,3,3,2,2,1,4,3,2,2,3,2,4,3,4,4,3,3,31,2,3,1
3037821,3,4,5,4,4,5,3,2,2,2,1,1,1,1,1,2,3,2,2,4,3,3,2,2,3,4,4,35,1,4,2
3038375,3,4,4,4,4,4,4,4,4,4,4,3,3,3,3,3,3,3,3,4,2,3,3,3,3,3,3,42,1,10,2
3040450,4,4,4,3,3,3,3,3,3,1,1,2,2,2,2,3,2,2,2,4,2,3,4,2,4,3,3,36,2,5,2
3042696,3,5,3,3,4,3,3,3,3,3,3,4,4,4,4,3,3,3,3,3,3,3,3,3,3,4,3,30,1,8,2
3043202,4,3,5,3,4,5,5,3,4,4,4,4,4,4,4,3,4,4,3,5,4,5,5,5,3,4,3,62,1,9,2
3047672,4,2,4,3,4,4,3,3,3,3,3,2,2,2,2,2,3,3,2,2,2,4,4,4,4,4,4,53,1,8,3
3048373,3,4,4,3,3,3,3,3,3,3,3,3,3,3,3,4,3,3,4,4,3,4,4,4,3,4,4,52,1,21,2
3048997,3,2,4,4,4,3,4,3,4,2,2,1,1,1,1,2,1,1,1,1,2,3,3,3,3,3,3,49,2,11,2
3049874,4,4,4,2,5,5,4,2,3,2,1,4,4,2,2,4,4,4,2,4,1,4,2,3,3,4,4,35,2,15,2
3051594,3,3,4,3,3,3,3,3,3,3,2,3,3,3,3,3,3,3,3,3,3,3,4,4,3,3,3,50,1,5,2
3055624,4,3,4,4,4,4,3,3,3,3,3,3,3,3,3,3,3,3,4,3,2,4,4,4,4,4,4,27,2,2,2
3055914,3,4,4,4,4,2,3,3,3,3,3,2,2,2,2,2,2,2,2,4,3,4,4,4,4,3,3,52,1,2,2
3056774,4,3,4,1,4,4,4,3,4,1,1,1,1,1,1,1,1,1,1,3,2,5,5,4,4,3,3,61,2,19,2
3057018,2,1,4,2,4,4,4,2,4,4,2,2,2,2,1,2,2,2,2,4,2,2,2,2,2,2,2,41,2,4,2
3060139,4,3,4,3,3,4,3,3,3,3,4,4,3,3,3,4,3,3,3,3,2,2,3,3,3,3,3,47,1,5,2
3062321,4,3,4,3,4,2,4,2,4,3,4,2,1,1,1,3,3,4,1,4,1,4,4,4,4,4,4,54,2,20,3
3062910,1,5,5,5,5,3,3,3,3,3,3,4,4,3,3,3,3,3,3,3,2,4,4,4,4,3,4,72,1,40,3
3064460,1,4,2,2,2,2,2,2,2,2,2,2,2,2,2,2,2,2,2,2,2,2,2,2,2,2,2,52,1,20,2
3064751,3,3,3,3,3,3,2,2,3,2,2,2,2,2,2,3,2,2,2,3,3,3,3,3,3,3,3,37,1,2,2
3064937,4,3,5,4,3,1,3,3,4,1,1,1,1,1,1,2,1,1,3,3,1,4,4,4,4,3,3,62,1,7,2
3066546,4,4,5,5,5,5,4,4,4,4,4,4,4,4,4,4,2,2,2,5,2,5,4,5,5,5,5,25,1,0,2
3067086,2,4,4,2,2,3,2,2,2,4,1,1,1,1,1,1,2,2,1,1,2,2,4,4,3,2,2,46,1,1,2
3067541,3,5,5,3,3,4,4,4,2,3,2,2,2,2,2,3,2,3,3,4,3,4,3,3,3,3,3,35,1,5,2
3073768,3,3,4,3,4,4,4,3,4,3,3,4,4,4,4,4,4,4,4,4,3,4,4,4,4,4,4,32,2,5,1
3077249,3,3,3,3,3,3,3,3,3,3,3,3,3,4,3,3,3,3,3,3,3,3,3,3,3,3,3,30,2,2,2
3078708,4,2,3,3,4,4,4,3,3,4,4,3,3,3,3,3,3,3,3,3,2,4,4,3,3,4,4,34,1,3,3
3078904,2,4,5,4,4,4,4,2,3,3,3,3,3,3,3,3,3,3,3,4,2,3,3,3,3,3,3,33,1,3,2
3079553,3,3,4,4,4,3,4,3,4,4,4,3,2,2,2,3,2,2,2,2,3,4,3,3,3,3,3,38,2,10,1
3081344,3,4,4,2,4,4,3,2,3,1,1,4,4,2,1,3,3,2,2,3,1,3,3,3,3,3,3,48,2,5,2
3081533,3,5,5,3,3,5,3,3,4,2,2,3,3,3,3,3,4,2,3,4,1,4,3,3,2,3,4,58,2,12,2
3082703,3,4,4,4,4,4,4,3,3,3,2,2,2,2,2,2,2,2,2,4,3,4,4,4,3,3,3,44,1,2,2
3083384,4,4,4,3,3,4,3,2,2,2,2,3,3,3,3,2,4,4,3,4,3,4,3,4,3,4,4,25,1,6,2
3084503,4,2,4,3,4,4,3,3,3,3,3,3,3,3,3,3,2,2,3,4,4,3,3,3,3,3,3,38,1,14,2
3084672,3,3,3,3,3,1,3,2,3,1,1,2,2,2,2,2,2,2,2,2,2,2,4,4,3,3,4,36,1,6,2
3085056,4,4,4,4,2,2,4,2,4,3,2,1,1,1,1,3,3,3,1,4,2,4,4,3,4,4,4,53,1,25,2
3086582,3,4,4,4,4,4,3,1,3,4,4,3,3,3,1,3,4,4,1,4,2,4,4,3,3,3,3,61,1,25,1
3086867,4,2,4,3,3,2,4,3,3,3,2,2,2,2,2,3,2,2,2,2,1,4,3,3,3,3,3,36,2,4,3
3088244,4,2,2,2,2,4,2,2,2,2,2,2,2,2,2,2,2,2,2,2,2,2,2,2,2,2,2,42,1,6,2
3092568,4,3,4,2,2,4,3,2,2,2,4,2,2,2,2,3,2,2,2,2,1,3,3,3,3,2,2,37,2,3,2
3093191,3,3,4,4,4,4,4,3,3,3,3,2,2,2,2,3,3,3,3,3,3,3,4,4,4,4,4,31,1,6,2
3093335,3,3,4,3,3,3,3,3,3,3,3,3,3,3,3,3,3,3,3,3,3,3,3,3,3,3,3,32,1,0,2
3094620,4,2,4,3,2,2,2,4,3,3,3,1,1,1,1,2,3,3,1,4,2,3,3,3,3,3,3,35,2,1,2
3095015,3,4,4,4,3,2,3,3,3,3,2,2,2,2,2,2,2,2,2,2,3,3,3,3,3,3,3,54,1,9,2
3096879,2,4,4,4,4,4,4,4,2,3,3,2,1,1,1,2,1,1,1,2,1,3,4,3,3,4,4,53,1,15,3
3099162,4,3,4,3,4,2,4,2,3,3,2,2,2,2,2,2,2,2,2,2,2,4,3,3,4,3,3,50,1,10,2
3099323,4,2,4,3,4,4,4,4,4,3,2,3,3,3,3,3,2,2,3,4,3,4,4,4,4,4,4,45,2,1,2
3099383,3,4,5,5,5,5,4,4,4,3,3,3,3,3,3,3,3,3,3,4,4,4,4,4,4,4,4,47,2,10,2
3104679,2,4,3,2,4,5,2,2,3,2,1,1,1,1,1,4,1,1,1,1,1,4,4,4,2,4,2,40,1,12,2
3104761,3,2,4,4,4,4,4,3,4,4,4,2,2,2,2,3,1,1,3,3,3,3,3,3,3,3,3,61,2,10,1
3106086,4,2,3,3,3,3,3,3,4,2,2,2,2,2,2,2,2,2,2,2,2,4,2,2,3,3,2,54,2,20,1
3106479,5,5,5,5,3,5,4,3,4,4,3,3,3,3,3,4,4,3,3,4,2,5,5,5,5,5,5,58,2,3,2
3106905,4,4,3,2,4,4,3,2,2,1,1,3,1,1,1,1,1,1,1,1,1,3,2,3,2,2,2,38,1,2,2
3107199,3,4,4,2,4,4,5,4,3,1,1,2,2,2,1,3,3,2,1,4,2,2,2,2,2,2,2,33,1,10,2
3111223,2,4,4,4,5,4,4,4,4,4,3,3,3,3,3,3,3,3,3,3,3,5,4,3,3,3,3,62,1,15,3
3113975,4,3,4,4,4,3,3,4,4,3,4,3,4,4,4,4,5,4,4,4,5,4,4,4,4,4,4,36,1,6,2
3119155,4,2,3,3,3,3,3,3,4,4,4,3,3,3,3,3,3,3,3,3,3,4,4,3,3,4,3,36,2,3,1
3120488,4,4,4,4,4,4,4,3,4,3,1,3,3,3,3,2,3,3,3,3,2,3,4,3,4,3,3,35,1,12,2
3121110,3,4,3,3,3,4,3,3,3,3,3,3,3,3,3,3,3,3,3,4,3,3,3,3,3,3,3,52,1,10,2
3124307,3,3,3,3,3,3,3,3,3,3,3,3,3,3,3,3,3,3,3,3,4,3,3,3,3,3,3,34,1,0,3
3125722,3,3,4,3,3,3,4,3,3,3,3,3,3,3,3,4,4,4,3,3,1,4,4,4,4,4,4,48,1,10,2
3126887,4,4,3,2,2,4,4,3,3,3,2,2,3,2,2,2,2,2,2,3,2,4,4,4,3,3,3,37,1,1,2
3128404,1,1,1,1,1,1,1,1,1,1,1,1,1,1,1,1,1,1,1,1,1,1,1,1,1,1,1,45,1,9,2
3128642,3,2,3,3,3,3,3,3,3,3,3,3,3,3,3,3,3,3,3,3,2,3,3,3,3,3,3,61,2,10,1
3139356,3,4,3,3,3,4,5,5,2,1,1,1,1,1,1,1,1,1,1,1,1,1,1,1,1,1,1,38,1,3,2
3139883,3,2,2,2,2,3,4,2,3,1,1,1,4,4,2,2,1,1,4,4,3,3,4,4,3,3,3,48,1,2,2
3142715,2,4,4,4,4,4,4,2,3,3,3,3,3,3,3,2,2,2,2,2,4,4,4,4,4,4,4,51,2,3,2
3143079,3,3,3,4,4,4,4,4,3,4,2,2,2,2,2,2,2,2,2,3,4,4,4,4,3,3,3,52,2,28,2
3144586,2,4,4,2,4,4,4,3,4,3,3,4,3,4,4,2,1,1,4,4,3,4,4,3,3,3,3,43,1,9,2
3146777,3,3,5,3,5,1,5,1,3,1,1,1,1,1,1,1,1,1,1,4,1,4,1,1,1,1,1,24,1,3,2
3148030,3,2,4,2,4,4,2,2,2,3,3,2,2,2,2,3,3,3,2,2,2,4,4,2,2,2,2,39,1,9,2
3148085,3,3,4,4,4,4,4,3,3,3,2,2,2,2,2,2,2,2,2,4,2,4,4,4,3,3,3,29,1,9,2
3148425,3,1,4,3,4,4,4,4,3,2,2,1,1,2,2,2,3,3,2,3,3,4,4,4,3,3,3,52,2,2,2
3148799,4,3,4,3,4,5,4,4,4,4,3,3,3,4,3,4,4,3,3,4,2,4,4,5,3,4,5,30,2,1,2
3148955,3,3,4,4,4,4,4,3,3,3,3,4,4,3,3,3,3,3,3,4,2,3,3,3,3,3,3,22,1,3,2
3149295,3,3,4,3,4,4,4,3,2,2,2,1,2,2,3,1,3,3,3,3,1,4,4,4,3,3,3,52,1,20,2
3152334,4,2,3,3,4,3,4,3,3,2,3,3,3,3,3,3,3,3,3,3,2,4,4,4,4,4,4,38,1,3,2
3153601,2,4,4,4,4,3,4,3,3,3,3,3,3,3,3,3,3,3,3,4,2,2,2,2,2,2,2,46,1,20,3
3153654,4,4,3,3,3,3,3,3,3,4,4,4,4,3,3,3,4,4,4,4,4,4,4,4,4,4,4,50,2,3,1
3155528,4,2,5,5,5,5,4,3,4,4,3,4,4,4,4,4,4,3,4,4,3,4,4,4,4,4,4,40,2,3,3
3155871,3,3,4,4,3,3,3,4,3,4,4,3,2,2,2,3,3,3,1,3,3,4,3,4,3,4,4,79,1,7,1
3156591,3,4,4,2,2,2,4,2,4,1,1,1,1,1,1,1,1,1,1,4,2,4,4,4,4,4,4,40,1,2,2
3156641,2,4,4,2,2,4,2,2,4,2,2,3,2,2,4,2,2,2,3,4,2,3,4,4,3,3,3,36,2,1,2
3156888,3,1,1,1,4,4,4,1,3,1,1,1,1,1,1,1,1,1,1,1,1,2,1,1,1,1,1,34,2,12,1
3157083,4,3,5,3,4,2,5,3,4,3,3,1,1,2,1,2,3,3,2,4,2,5,4,3,3,5,5,44,2,10,2
3157214,4,2,4,2,4,3,2,2,3,3,2,2,2,2,2,2,2,2,2,3,2,4,4,4,4,4,4,61,1,5,2
3157303,4,3,4,4,4,4,4,3,3,3,3,2,2,3,2,2,2,2,2,2,2,4,3,3,3,3,3,48,1,5,2
3158338,3,3,3,3,3,3,3,3,3,3,3,3,3,3,3,3,3,3,3,3,2,2,2,2,2,2,2,49,2,4,2
3158433,3,4,4,4,2,2,4,1,1,1,1,1,1,1,1,4,1,1,1,1,1,4,1,1,3,3,3,64,1,12,2
3158806,4,3,5,4,4,3,4,4,3,3,3,2,2,2,2,2,2,2,2,4,3,4,4,2,3,3,3,37,2,5,2
3159180,4,3,4,4,4,4,4,2,3,3,3,3,3,3,3,2,2,2,2,2,2,4,4,4,4,4,4,31,1,1,2
3161209,3,4,4,3,4,4,4,4,4,2,2,4,2,2,2,3,3,3,3,4,2,4,4,2,4,4,4,50,2,3,2
3161895,4,3,5,3,3,3,4,3,3,3,3,3,3,3,3,3,3,3,3,5,3,3,3,4,3,4,4,36,1,6,2
3163659,3,2,2,3,4,3,3,3,3,3,2,3,2,2,2,2,2,2,2,3,2,4,4,4,3,3,3,67,1,16,2
3167258,4,4,3,4,4,4,4,3,4,3,2,2,2,2,2,2,2,2,2,2,3,4,4,4,4,4,4,69,1,17,2
3167651,4,4,3,3,4,4,4,4,3,3,4,4,4,4,4,4,4,4,3,4,3,3,3,3,3,3,3,37,2,0,2
3169553,4,3,4,2,3,3,3,3,3,3,3,3,2,2,2,1,1,1,2,1,2,4,4,3,2,2,2,55,1,10,2
3170007,3,4,4,4,4,4,4,3,4,4,3,3,3,3,3,3,2,2,2,3,2,4,4,4,4,4,4,58,1,1,2
3171002,2,4,4,4,4,3,2,2,3,3,2,2,2,2,2,2,1,1,2,2,1,3,3,4,3,3,3,54,1,15,3
3172272,4,2,4,2,4,4,4,3,3,3,3,3,3,3,3,3,5,5,3,3,2,4,4,3,3,4,4,33,2,3,1
3173715,3,4,5,3,5,4,4,3,3,3,3,4,3,3,3,3,3,3,3,1,1,4,4,3,3,4,2,46,2,23,1
3174623,3,1,4,4,3,1,3,1,1,2,1,1,1,1,1,1,1,1,1,4,2,3,2,3,3,1,3,50,1,2,2
3175024,3,2,4,2,4,4,4,3,4,3,4,3,3,3,3,3,3,3,3,4,2,4,4,4,4,4,4,39,2,4,2
3175860,3,3,3,3,3,3,3,3,3,3,3,3,4,3,3,3,3,3,3,3,3,3,3,3,3,3,3,31,1,3,2
3180111,4,4,5,5,5,5,4,4,4,5,5,1,1,1,1,1,3,3,1,4,1,4,4,4,4,4,5,42,1,1,1
3180537,4,3,3,3,4,3,3,3,3,3,3,3,3,3,3,3,3,3,3,3,3,3,3,3,3,3,3,34,1,6,1
3182215,3,4,5,4,4,4,4,2,4,3,3,4,3,3,3,4,3,3,3,4,3,4,4,4,3,3,3,33,1,5,2
3183611,4,3,4,4,3,4,4,3,4,3,3,3,2,2,3,3,3,3,3,4,2,4,4,4,4,4,4,52,1,3,2
3192079,3,5,4,4,1,1,4,2,3,3,4,4,3,3,3,3,3,1,3,4,1,3,4,4,3,4,4,41,1,16,2
3193933,3,3,3,4,4,4,3,3,4,3,1,1,1,1,1,1,2,1,1,4,3,4,4,4,4,5,4,39,1,5,2
3195714,4,3,4,3,2,4,3,3,3,3,3,3,3,3,3,4,4,4,3,2,1,4,4,4,4,4,2,35,2,3,2
3195819,3,2,3,3,4,3,3,3,3,4,3,2,3,3,2,3,3,4,3,3,2,3,3,4,3,3,2,44,1,5,2
3196414,4,2,4,3,3,4,4,3,3,3,3,3,3,3,3,3,3,3,3,3,3,3,3,3,3,3,3,34,1,4,2
3197677,3,3,4,3,3,3,3,3,3,3,3,3,3,3,3,3,3,3,3,4,3,4,3,3,3,3,3,37,2,2,3
3200394,2,4,3,2,4,4,4,3,2,2,2,2,2,2,2,2,2,2,2,2,1,2,2,2,2,3,3,32,1,5,2
3201968,3,4,4,3,3,3,4,3,2,1,1,1,1,1,1,1,1,1,1,3,1,3,5,5,3,4,4,32,1,5,2
3203339,3,3,3,3,3,4,3,3,3,3,3,3,3,3,3,3,3,3,3,3,3,3,3,3,3,3,3,36,2,16,2
3203428,4,2,4,3,2,4,4,3,3,2,3,3,3,3,3,3,3,3,3,4,3,4,4,4,4,4,3,38,1,3,2
3203434,4,4,4,4,3,3,3,2,3,2,2,4,2,4,4,4,3,3,3,4,2,4,4,4,4,4,4,50,1,5,2
3204513,3,4,4,3,3,2,4,2,3,3,3,3,3,4,2,2,2,2,3,4,2,4,4,4,3,3,4,45,1,15,2
3205122,2,4,4,4,4,4,3,1,4,1,1,1,1,1,1,4,4,4,1,4,2,4,2,2,3,3,3,40,2,3,2
3206371,4,1,4,2,4,3,2,1,4,3,3,1,1,1,1,2,2,2,1,2,2,4,4,4,4,2,2,59,1,10,2
3207272,4,4,4,2,4,3,4,3,3,2,3,4,3,3,3,1,1,1,3,3,2,3,4,4,4,3,3,66,1,10,2
3208072,3,4,4,4,4,4,4,4,3,4,3,2,2,2,2,3,2,2,2,4,4,4,4,4,4,4,4,32,1,3,2
3208498,4,3,4,3,3,3,4,3,4,1,1,1,1,1,1,3,3,3,3,3,1,4,4,4,4,4,4,33,2,3,2
3210364,4,4,3,4,4,4,3,3,3,3,3,3,3,3,3,3,3,3,3,3,3,3,4,4,4,3,3,32,2,3,3
3210511,4,2,4,3,4,3,3,4,3,3,4,4,3,3,4,3,4,4,3,4,3,4,4,3,4,3,3,48,1,18,1
3210739,3,3,3,3,3,3,4,3,3,3,3,3,3,3,3,3,3,3,3,3,3,3,3,3,3,3,3,37,1,4,2
3216270,3,4,4,1,2,3,4,3,3,2,1,2,1,1,1,1,1,1,1,1,1,3,4,4,3,3,3,59,1,15,2
3217482,3,3,3,3,3,3,3,3,3,3,3,3,2,2,2,3,3,3,3,3,3,3,3,3,3,3,3,27,1,1,2
3219098,3,3,5,4,5,4,5,3,3,3,3,3,3,3,3,3,3,3,3,3,3,4,4,4,4,3,3,40,1,3,2
3219342,3,3,4,4,4,3,3,3,3,3,3,3,3,3,3,3,3,3,3,3,3,3,3,3,3,3,3,56,1,5,2
3220843,3,2,3,3,3,3,3,3,3,2,3,1,2,2,2,2,2,2,2,3,2,3,3,3,3,3,3,54,2,2,1
3223613,4,4,3,3,4,3,4,2,3,3,3,3,3,2,3,4,3,3,3,4,4,4,3,3,3,3,3,31,1,1,2
3225322,3,3,4,3,3,4,4,4,4,4,2,3,3,3,2,3,2,3,3,3,3,4,4,4,3,3,3,33,1,3,2
3225386,4,3,2,2,2,2,2,2,2,2,2,2,2,2,2,2,2,2,2,2,2,2,2,2,2,2,2,34,1,4,1
3228598,3,3,3,3,3,3,3,3,3,3,2,2,2,2,2,2,2,2,2,2,2,2,2,2,2,2,2,57,1,20,2
3230428,1,1,1,1,1,1,1,1,1,1,1,1,1,1,1,1,1,1,1,1,1,1,1,1,1,1,1,54,2,2,1
3230779,3,4,4,2,3,4,2,2,4,1,1,1,1,4,1,4,3,3,4,4,4,3,3,3,3,3,3,36,1,5,2
3233552,3,3,4,3,3,3,3,3,3,3,3,3,3,3,3,3,3,3,4,4,3,3,3,3,3,3,3,39,2,4,1
3233908,2,1,3,3,3,3,2,2,3,3,1,1,1,1,1,3,1,1,1,3,2,4,4,3,3,3,3,41,1,13,3
3237727,4,3,3,3,3,3,3,3,3,3,3,3,3,3,3,3,3,3,3,3,4,4,3,3,3,3,3,38,1,10,2
3237818,4,4,5,3,4,3,4,4,4,1,1,4,2,4,4,4,4,4,4,1,1,4,4,5,2,2,2,30,2,5,2
3242432,3,4,4,4,4,4,4,2,4,4,4,3,3,2,2,4,3,3,3,3,3,4,4,4,3,3,3,40,1,10,2
3244440,4,3,4,3,2,5,4,2,2,2,1,1,1,1,1,1,3,1,1,1,1,3,1,3,1,2,2,34,1,3,2
3244754,2,2,4,4,3,4,3,3,3,3,2,2,2,2,2,2,4,3,3,4,2,4,4,3,3,3,3,36,2,3,3
3245094,4,1,1,1,1,1,1,1,1,3,4,3,2,3,1,1,1,1,1,1,1,1,1,1,1,1,1,35,2,13,3
3245163,2,4,5,1,4,3,4,2,4,3,4,4,1,2,2,3,2,2,1,2,2,3,4,3,3,2,2,46,1,6,1
3245672,2,2,4,3,4,3,4,3,4,4,3,4,4,4,4,3,1,1,4,4,3,3,4,4,3,4,4,61,1,0,1
3245744,4,4,4,4,4,4,4,4,4,4,4,4,4,4,4,3,3,3,4,4,2,4,4,4,4,4,4,44,1,0,2
3248687,3,3,3,3,3,3,3,3,3,3,3,3,3,3,3,3,3,3,3,3,3,3,3,3,4,3,3,41,1,5,2
3249197,4,2,4,4,3,4,2,3,3,3,2,3,3,3,3,3,3,3,3,3,3,4,3,4,4,4,4,37,2,3,3
3249371,2,4,4,2,3,3,4,4,4,4,3,4,4,2,3,3,3,3,3,3,2,4,4,4,4,4,4,41,1,3,2
3249492,4,2,4,4,4,4,4,1,3,3,3,4,1,2,1,2,1,1,1,4,2,4,4,4,4,4,4,34,1,2,2
3254966,4,2,4,4,4,4,4,2,4,3,3,4,4,2,2,3,3,3,4,4,2,4,4,4,4,4,4,61,2,10,1
3255200,4,2,4,4,4,4,4,4,4,3,3,2,2,2,2,2,2,2,2,2,3,4,4,4,4,4,4,47,2,27,1
3255877,3,3,4,3,4,4,3,3,3,3,3,3,3,3,3,3,3,3,3,3,3,3,3,3,3,3,3,37,2,8,1
3256098,2,2,4,3,4,4,4,4,2,2,2,1,1,1,1,4,2,2,1,4,1,3,2,2,2,2,2,44,1,3,3
3259724,4,2,4,3,3,3,4,3,4,2,2,2,2,2,2,2,2,2,2,3,2,4,3,3,4,4,3,62,1,10,3
3260781,4,3,4,4,4,4,4,4,3,5,5,1,1,1,1,2,2,2,1,3,2,2,3,3,3,2,2,34,2,10,1
3263375,2,3,4,2,3,1,2,1,2,1,1,3,3,3,1,2,1,1,1,3,2,3,2,2,2,3,3,49,1,5,2
3266688,2,2,4,4,4,4,4,3,3,3,2,3,3,3,2,2,3,3,3,3,2,4,4,4,4,4,4,43,2,10,2
3269211,3,4,5,3,5,5,5,2,4,5,4,3,3,3,3,4,4,4,3,4,2,5,4,4,4,4,4,52,1,17,3
3269613,4,5,3,3,3,3,3,3,3,3,2,3,3,3,3,3,3,3,3,4,3,3,3,3,3,3,3,47,1,25,2
3273841,3,2,4,4,4,4,4,4,4,4,3,4,4,4,4,4,3,4,4,4,2,4,4,4,4,4,4,30,2,3,1
3275063,3,4,4,4,4,4,2,2,2,2,2,2,2,2,2,2,2,2,2,3,1,2,2,2,2,2,2,41,2,20,2
3275397,4,2,4,3,5,4,3,3,3,2,1,1,1,1,1,2,2,2,1,3,3,4,4,3,4,4,2,51,1,5,2
3277663,5,3,3,5,3,3,3,3,4,3,4,2,2,2,2,3,5,5,2,3,4,4,4,4,4,4,4,39,2,2,1
3277866,3,3,4,3,4,3,3,3,3,3,3,3,3,3,3,3,3,3,3,3,3,3,3,3,3,3,3,30,1,5,2
3281473,3,4,3,3,3,4,3,3,3,3,3,3,3,3,3,3,3,3,3,3,2,3,3,3,3,3,3,39,2,10,3
3285059,3,4,2,2,1,1,1,1,2,1,1,1,1,1,1,1,1,1,1,4,1,1,1,3,3,1,1,41,2,4,2
3287047,3,4,4,4,4,3,3,3,3,3,3,3,3,3,3,3,3,3,3,3,3,3,3,3,3,3,3,39,1,5,3
3288407,3,4,3,2,2,2,4,4,3,2,2,2,2,2,2,2,2,2,2,2,2,3,3,2,2,3,3,75,1,20,2
3289153,3,4,4,4,3,4,4,2,4,4,3,3,3,3,3,3,2,2,3,3,3,4,4,4,4,3,3,29,1,6,2
3291480,4,3,5,3,4,4,4,4,3,1,2,1,1,1,1,4,1,1,1,5,2,4,3,4,3,4,4,36,1,5,3
3293388,3,2,3,3,3,2,3,3,3,3,3,3,3,3,3,3,4,4,3,4,1,3,3,3,3,3,4,63,2,4,1
3294856,4,2,3,3,3,3,3,3,3,3,4,3,3,3,3,3,3,3,3,4,1,3,3,3,3,3,3,30,2,5,2
3299187,3,4,4,4,4,4,3,3,3,3,3,3,3,3,3,4,3,3,3,3,2,4,3,3,3,3,3,33,1,9,3
3299564,3,3,4,4,4,2,4,2,2,2,2,2,2,2,1,2,1,1,1,3,4,2,2,2,2,2,2,34,1,2,3
3303442,4,2,4,4,3,1,1,3,3,3,3,4,4,5,5,5,3,2,4,4,4,4,4,4,4,3,3,44,2,10,3
3304897,3,4,4,3,4,4,2,1,3,1,1,1,1,1,1,1,1,1,1,1,1,4,4,4,1,1,1,38,1,2,2
3308942,3,3,3,3,3,3,3,3,3,3,3,3,3,3,3,3,3,3,3,3,3,3,3,3,3,3,3,58,2,3,1
3312884,3,3,4,3,3,5,3,1,4,1,1,1,1,1,1,1,1,1,1,1,1,4,3,1,1,1,1,53,1,21,2
3313126,4,2,4,2,4,4,4,4,3,2,3,3,3,3,2,2,3,3,3,4,4,4,4,4,4,4,4,49,2,25,1
3313998,3,1,3,1,3,1,1,1,3,4,4,1,1,1,1,1,1,1,1,3,1,2,2,3,3,3,3,47,2,5,1
3314207,3,4,5,4,4,4,4,1,1,1,1,1,1,1,1,1,1,1,1,3,2,4,4,4,3,3,3,56,1,20,2
3314896,5,5,5,5,5,3,3,3,3,4,4,3,3,3,3,3,3,3,3,3,2,4,4,4,4,2,2,45,2,19,3
3316278,4,2,4,2,4,3,4,4,3,3,2,3,3,3,3,3,3,3,3,4,2,4,4,4,4,4,4,39,1,10,2
3317860,3,3,4,4,4,4,4,3,4,4,3,3,3,3,3,3,3,3,3,4,3,4,4,4,4,3,3,41,1,4,2
3319345,3,3,3,3,3,3,3,3,3,3,3,3,3,3,3,3,3,3,3,3,4,3,3,3,3,3,3,58,1,0,2
3319905,4,4,4,4,3,3,3,3,2,2,3,3,3,3,3,3,3,3,2,2,4,4,4,4,4,4,4,58,1,28,3
3321796,4,2,4,2,4,5,2,1,1,1,1,2,2,2,2,1,4,4,2,2,4,5,5,4,4,2,2,31,1,4,2
3325785,3,3,4,3,2,4,2,2,2,4,2,2,2,2,2,2,2,2,2,2,2,2,2,2,2,2,2,39,2,0,1
3326354,4,3,4,4,4,4,4,4,4,4,1,1,1,1,1,3,3,3,3,3,4,3,3,3,3,3,3,37,2,8,2
3333548,2,2,5,4,2,4,5,3,2,2,1,2,2,2,1,4,2,1,2,1,1,2,2,2,2,2,2,31,1,2,2
3335864,4,2,4,2,4,4,4,2,3,3,3,3,3,3,3,3,4,4,3,3,2,3,3,3,3,3,4,46,1,0,2
3336307,4,2,4,2,3,4,4,4,4,4,4,3,2,2,1,1,3,4,3,3,3,4,4,3,4,4,4,49,1,18,1
3337388,3,3,4,2,3,1,4,2,2,4,4,2,2,2,2,2,2,2,1,1,1,2,3,2,3,3,3,44,2,18,1
3337580,4,3,4,3,4,4,4,3,3,2,2,2,2,2,2,2,2,2,2,2,2,4,4,4,4,4,3,33,2,2,2
3339186,3,4,3,3,4,4,3,3,3,3,3,3,3,3,3,3,3,3,3,3,3,3,3,3,3,3,3,41,2,5,2
3340231,4,3,4,4,3,4,4,3,4,3,2,2,2,3,2,2,3,3,2,3,3,4,4,3,3,3,3,32,1,6,2
3340589,2,2,4,4,4,2,2,2,4,4,4,2,2,2,2,2,2,2,2,2,2,3,3,2,2,3,3,44,1,1,3
3342456,5,4,4,4,4,4,4,4,4,4,4,4,4,4,4,4,4,4,4,4,4,4,4,4,4,4,4,30,1,5,2
3343624,4,3,4,3,4,4,4,4,4,2,2,2,2,3,3,3,3,3,3,4,3,4,4,4,3,4,3,58,2,10,2
3351156,1,2,1,1,1,4,3,4,5,5,4,2,2,2,2,2,5,4,3,5,5,5,5,5,5,5,5,50,2,5,2
3351898,4,4,4,3,4,4,4,4,3,3,3,3,3,3,3,3,3,3,3,3,2,4,3,3,3,3,3,33,2,7,2
3353557,4,2,4,4,4,4,3,2,2,2,2,2,1,2,2,2,2,2,4,2,4,4,4,4,4,4,4,29,1,3,2
3354602,3,1,4,3,3,4,3,4,3,3,3,3,2,2,3,3,3,3,3,3,3,4,3,3,3,3,3,36,1,1,2
3355722,4,4,4,3,3,3,3,3,4,3,4,4,4,4,4,4,4,4,4,4,2,4,4,4,4,4,4,26,2,3,2
3356792,3,3,4,3,4,2,2,3,3,4,3,2,2,2,1,2,2,2,1,4,3,4,3,4,3,4,2,56,1,11,3
3357127,3,2,4,3,3,4,4,4,3,3,2,3,2,3,2,3,2,2,2,3,3,2,3,3,3,3,3,37,2,3,2
3360213,3,4,4,4,4,4,4,4,4,1,1,4,4,4,4,4,4,3,4,4,3,4,4,4,4,4,4,38,2,3,2
3361401,3,3,3,3,3,3,3,3,3,3,4,3,3,3,3,3,3,3,3,3,3,3,3,3,3,3,3,45,2,4,1
3362599,3,3,4,2,3,4,4,3,3,2,1,3,3,3,3,3,1,1,3,3,3,4,3,3,4,3,3,39,2,4,2
3362788,3,4,4,3,3,2,4,3,3,3,3,3,3,3,3,3,3,3,3,3,2,3,4,4,3,3,3,53,1,1,2
3365232,3,3,4,3,4,4,4,2,3,1,1,3,1,1,1,4,2,2,2,3,1,3,3,3,3,3,3,45,1,10,2
3367556,3,4,4,3,3,3,3,2,2,2,2,2,2,2,2,2,2,2,2,2,1,3,4,3,4,3,3,54,1,20,2
3368487,3,3,3,3,3,3,4,3,3,3,3,3,3,3,3,3,3,3,3,3,1,1,1,1,1,1,1,40,2,10,2
3369976,3,3,3,3,3,3,3,3,3,3,3,3,3,3,3,3,3,3,3,1,1,1,1,1,1,1,1,50,1,10,2
3370076,4,2,4,4,4,4,4,4,4,4,4,3,3,3,3,3,3,4,3,3,2,4,4,4,4,4,4,46,2,4,2
3371201,2,4,3,3,3,3,3,3,3,1,1,4,4,3,2,2,2,2,2,2,4,4,4,4,3,3,3,40,1,1,2
3371476,4,1,4,4,2,2,3,2,4,1,2,4,2,3,2,3,1,1,1,3,3,2,4,4,4,3,3,31,2,3,2
3372077,3,4,4,3,4,4,4,3,3,3,2,3,3,3,3,2,2,2,2,4,2,4,4,3,3,3,3,36,1,7,2
3373221,3,3,4,2,4,4,4,4,4,3,3,1,1,1,1,1,2,1,1,1,2,4,2,3,3,3,3,47,2,5,3
3375912,3,3,4,4,4,4,4,4,4,2,2,3,3,3,1,1,4,4,3,3,2,5,5,4,5,3,3,32,2,2,1
3376344,3,3,3,3,3,3,3,3,3,3,3,3,3,3,3,3,3,3,3,3,3,3,3,3,3,3,3,36,2,1,1
3376423,4,2,4,4,4,2,2,2,2,2,2,2,2,2,2,2,2,2,2,2,2,2,4,2,2,2,2,32,1,0,2
3379166,3,5,4,3,3,4,3,2,2,2,1,3,2,3,3,4,3,3,3,4,3,5,5,3,3,3,3,36,1,5,2
3379849,2,3,4,4,4,4,3,1,2,1,1,1,1,1,1,1,2,2,1,2,1,3,3,3,2,1,1,32,1,13,2
3380584,2,2,4,3,4,3,3,3,4,2,2,2,2,2,1,2,1,1,1,4,3,3,3,3,3,3,3,38,1,1,2
3381835,3,3,5,4,4,4,3,3,3,2,2,1,1,2,2,2,3,3,2,3,4,4,4,4,4,4,4,31,1,4,2
3382485,3,3,3,3,3,3,3,3,3,3,3,3,2,3,3,3,3,3,3,3,3,3,3,3,3,3,3,24,1,1,2
3382593,4,3,4,3,3,2,2,2,4,3,2,3,3,3,3,3,4,4,3,3,2,4,4,4,3,4,4,35,2,9,3
3384668,4,5,5,5,2,2,2,1,1,1,1,3,3,3,3,1,1,3,3,4,1,4,4,3,3,3,3,51,1,7,2
3385208,4,3,4,4,4,4,3,3,4,3,3,3,3,3,3,3,3,3,3,3,3,3,3,3,3,3,3,60,1,10,1
3386235,4,4,2,3,3,3,3,3,3,3,2,2,2,2,2,2,2,2,2,2,2,4,4,4,4,4,4,40,1,13,2
3386662,3,4,4,3,3,3,3,3,3,3,3,3,3,3,3,3,3,3,3,3,3,3,3,3,3,3,3,69,2,5,2
3387839,4,2,4,4,4,4,4,4,3,2,3,3,3,3,3,3,3,3,3,3,3,3,3,3,3,3,3,48,1,5,2
3388113,2,3,4,4,5,3,3,3,4,3,3,3,2,3,2,2,3,3,3,4,2,4,4,3,3,3,3,61,1,20,1
3389717,3,4,4,3,4,4,4,3,3,3,3,3,3,2,3,4,3,3,3,4,3,4,3,3,4,4,4,26,2,1,2
3390103,3,2,2,2,3,4,3,3,3,4,3,3,3,3,3,3,4,4,3,3,2,2,2,2,2,4,3,39,2,3,1
3393386,3,4,4,3,4,4,4,2,2,1,2,2,2,2,2,2,2,2,2,4,2,4,4,4,4,4,4,39,1,4,2
3393407,4,4,4,3,4,4,3,2,2,1,1,4,4,4,4,2,3,3,4,4,4,5,5,5,5,5,5,50,1,15,2
3395754,2,5,4,1,5,5,4,3,3,2,1,1,1,1,1,2,1,2,2,3,1,5,5,5,5,5,5,39,2,5,2
3397498,3,3,3,3,3,3,3,3,3,3,3,3,3,3,3,3,3,3,3,3,3,3,3,3,3,3,3,41,2,15,1
3397564,2,4,4,4,4,2,4,1,3,4,4,4,4,4,4,4,4,4,4,4,1,3,4,4,3,3,3,31,2,4,3
3397644,2,3,3,3,3,3,3,3,2,3,3,3,3,3,3,3,3,3,3,3,3,3,3,3,3,3,3,36,2,6,2
3397688,2,3,3,2,3,3,2,2,3,3,2,3,3,2,2,3,3,2,3,4,3,2,3,3,2,2,3,45,1,0,2
3400792,2,5,4,4,4,4,5,4,4,3,3,1,1,3,1,3,3,3,1,3,1,4,4,4,4,4,4,57,1,5,2
3401097,4,3,4,4,4,2,4,2,2,2,2,3,1,1,2,2,2,2,3,4,1,2,3,4,2,1,4,28,1,1,2
3402679,3,3,3,3,3,3,3,2,3,3,3,3,4,3,3,3,3,2,3,3,3,3,3,4,3,3,2,49,1,0,1
3403042,4,3,4,3,4,4,2,2,2,2,2,2,1,1,1,1,1,1,1,1,3,4,3,4,4,3,3,52,1,5,2
3403911,3,3,4,4,4,3,3,3,3,1,1,1,1,1,1,1,1,1,1,1,1,3,3,3,3,3,3,46,1,5,2
3405289,4,2,2,2,3,4,4,4,4,4,3,3,3,3,3,3,3,3,3,3,3,2,2,2,2,2,2,38,2,3,2
3406897,3,3,3,4,4,4,3,2,2,4,4,3,1,1,1,1,2,2,2,3,1,1,1,3,3,3,3,31,2,3,1
3407186,2,4,4,3,2,2,4,3,3,2,2,2,2,2,2,2,2,2,2,2,3,4,4,4,3,4,4,60,1,35,2
3408282,5,3,4,4,4,4,4,2,3,4,3,2,2,2,2,2,2,2,2,4,4,4,4,5,4,3,3,41,1,0,2
3408953,1,1,1,1,1,1,1,1,1,1,1,1,1,1,1,1,1,1,1,1,1,1,1,1,1,1,1,51,2,3,2
3409351,5,4,4,3,3,3,3,3,3,3,3,3,3,3,3,3,3,3,4,3,3,3,3,3,3,3,3,39,1,1,2
3410061,3,3,5,3,5,4,4,3,4,1,1,4,4,4,3,4,3,3,3,5,5,5,5,5,5,3,3,36,1,4,2
3410818,5,2,5,5,5,3,4,3,4,4,4,3,2,3,1,4,3,2,1,4,1,4,4,4,4,4,4,41,2,0,3
3411854,4,4,5,5,1,1,1,1,4,3,2,2,2,2,2,3,3,3,2,4,4,4,4,4,4,4,3,40,1,19,3
3412444,3,2,5,3,3,1,4,2,2,4,3,3,3,3,3,3,3,3,3,3,1,2,2,3,3,2,2,52,2,20,2
3412573,5,5,5,5,5,4,4,2,4,1,1,2,2,2,1,1,1,1,1,1,4,4,4,4,4,4,4,41,1,10,2
3413854,2,2,4,4,3,2,2,1,1,2,1,3,3,3,3,3,3,3,2,2,1,2,4,4,4,2,2,36,1,5,2
3414136,4,2,4,3,4,4,4,4,1,1,1,1,1,1,1,1,1,1,1,4,1,2,4,3,4,3,3,49,1,2,2
3414208,4,2,3,3,3,4,3,3,3,3,3,3,3,3,3,3,3,3,3,4,2,2,2,2,2,2,2,34,2,3,2
3414484,4,4,4,3,3,3,3,3,3,3,3,3,3,3,3,3,3,3,3,3,3,3,3,3,3,3,3,65,2,10,2
3416238,2,5,5,3,5,2,1,1,5,3,1,5,3,1,1,5,1,1,3,3,1,5,5,5,1,1,1,34,1,5,2
3417411,3,2,4,3,4,3,4,3,4,3,3,2,2,2,2,2,2,2,2,4,2,4,4,4,3,4,3,54,1,2,1
3418287,4,1,4,3,4,4,3,2,4,2,2,4,4,4,1,2,2,2,2,4,4,4,3,4,3,3,3,65,1,10,2
3418480,4,1,5,4,2,1,4,3,1,4,4,1,1,1,1,1,1,1,1,1,1,4,4,4,4,5,5,54,2,5,1
3419607,2,4,4,4,3,4,2,2,3,2,2,3,3,3,2,2,2,2,2,2,3,4,4,4,4,3,3,40,1,8,2
3422504,3,3,3,3,3,3,3,3,3,3,4,3,3,3,3,3,4,3,3,3,3,3,3,4,3,3,3,37,2,4,1
3424557,3,4,5,4,4,4,4,3,2,2,1,1,1,1,1,1,1,1,1,1,1,5,4,4,3,4,4,31,1,3,2
3425106,2,4,4,2,3,1,2,1,1,1,1,1,1,1,1,1,2,2,1,3,1,2,1,1,3,3,3,25,2,2,1
3425129,3,3,4,4,4,4,4,3,4,3,3,4,3,4,3,4,3,3,3,3,4,4,4,3,3,4,4,45,1,19,2
3425488,4,4,4,3,3,4,4,4,4,4,3,4,4,4,3,3,3,3,3,3,3,4,4,4,4,4,4,75,1,25,2
3425896,3,3,3,3,3,3,3,3,3,3,3,3,3,3,3,3,3,3,3,3,3,3,3,3,3,3,3,53,1,10,1
3427090,2,4,4,2,2,2,4,2,1,1,1,1,1,1,1,1,1,1,1,3,3,4,4,4,2,4,4,42,1,3,2
3427433,3,2,3,3,3,4,3,3,3,4,3,3,3,3,3,3,3,3,3,3,4,3,3,4,3,3,3,53,2,10,3
3428033,3,3,4,4,4,5,4,4,4,3,3,3,3,3,3,3,3,3,3,4,2,3,4,4,4,4,4,26,2,2,2
3429472,3,4,4,2,4,4,4,3,3,1,2,3,3,3,2,2,3,3,2,4,2,2,3,4,3,3,3,32,1,2,2
3432813,3,4,3,3,3,3,3,3,3,3,3,3,4,3,3,3,3,3,3,3,3,3,3,3,3,3,3,44,1,4,2
3434688,4,1,1,1,1,1,1,1,1,1,1,1,1,1,1,1,1,1,1,1,1,1,1,1,4,4,4,42,1,6,2
3435223,2,4,3,4,4,4,4,3,3,3,2,2,2,4,3,3,3,3,3,4,2,4,3,3,3,3,4,48,1,3,2
3436166,3,3,5,3,4,5,5,4,3,3,3,3,3,3,3,3,3,3,3,4,3,4,4,4,4,4,4,23,2,4,2
3436526,4,3,4,4,4,2,4,2,3,3,4,3,3,3,3,3,3,2,2,4,4,4,4,4,3,3,3,67,1,25,1
3437617,4,4,4,4,4,2,2,2,4,4,2,2,2,2,2,4,2,2,2,4,2,2,2,4,4,2,2,45,1,3,2
3437965,5,4,4,3,3,3,4,2,3,3,2,3,3,3,3,3,3,3,3,4,2,4,4,3,3,3,3,30,1,1,2
3438162,3,4,4,4,4,5,4,4,4,3,3,4,3,3,3,2,4,4,2,4,2,4,4,4,3,4,4,36,1,4,2
3439383,3,3,3,3,1,1,3,3,3,3,3,3,3,3,3,3,3,3,3,3,3,3,3,3,3,3,3,32,1,4,2
3439420,4,3,1,1,1,3,1,1,1,1,1,1,1,1,1,1,1,1,1,1,1,3,3,1,1,1,1,51,1,5,3
3439957,4,3,4,3,3,3,4,2,3,2,2,2,2,2,2,3,1,1,2,3,2,4,4,4,4,4,4,41,2,10,2
3440206,4,2,4,4,4,3,4,3,4,3,2,2,2,2,2,3,3,3,2,3,2,4,4,4,4,4,4,67,1,20,2
3441723,3,4,5,5,5,4,4,1,3,3,3,1,1,1,1,4,4,4,1,4,4,4,4,4,3,3,3,40,1,6,2
3441844,3,4,4,4,4,4,4,4,3,3,3,2,2,2,2,2,2,4,2,2,3,3,4,3,3,3,3,60,2,10,2
3444781,3,3,4,4,4,4,4,2,3,3,3,4,1,1,1,4,4,3,3,4,2,4,4,4,3,3,3,45,1,9,1
3445208,3,4,4,3,4,3,2,2,2,1,1,3,3,3,3,2,2,2,3,4,1,4,4,3,3,4,3,32,1,7,3
3447026,4,4,4,4,4,3,3,3,3,3,3,4,4,4,3,3,3,3,3,3,4,4,4,4,3,3,3,50,1,1,2
3448332,3,3,4,3,3,3,3,2,2,4,3,3,3,3,3,3,3,3,3,3,3,3,3,3,3,3,3,31,2,10,3
3449375,4,2,4,4,4,4,4,4,4,2,3,4,4,4,4,4,4,4,4,4,2,4,4,4,4,4,4,29,2,2,1
3449715,5,1,5,5,2,2,4,2,3,3,1,3,3,2,2,3,3,2,2,4,1,5,5,5,5,3,3,40,1,13,2
3450010,4,2,3,4,4,3,4,4,4,4,3,2,2,2,2,2,2,2,2,2,2,3,3,3,3,3,3,73,1,54,1
3451981,2,4,4,2,3,3,3,3,3,3,3,3,3,3,3,3,3,3,3,3,2,2,2,2,2,2,2,49,1,1,2
3452877,3,2,3,2,2,2,2,2,1,1,1,1,1,1,1,2,1,1,1,1,1,3,3,3,3,1,1,30,1,3,2
3453705,2,4,4,2,4,4,4,3,4,2,2,2,2,2,2,2,2,2,2,2,2,3,2,4,3,2,4,61,1,25,2
3454913,3,3,4,4,4,4,4,3,3,4,4,2,2,2,2,2,2,2,2,4,3,4,4,4,4,3,3,45,1,4,1
3455224,3,3,3,3,3,2,2,2,2,2,2,2,2,2,2,2,2,2,2,2,4,3,3,3,3,3,3,56,1,10,2
3455390,4,2,4,4,3,2,4,3,3,3,2,3,3,3,2,2,2,2,2,4,2,4,4,4,3,4,4,53,1,32,1
3455545,4,3,4,3,5,5,5,4,5,5,4,4,3,4,3,3,3,3,3,3,1,4,4,4,4,4,3,47,1,9,3
3455724,3,4,4,4,4,4,4,3,3,3,2,2,2,3,3,3,2,2,2,3,3,4,4,4,3,3,3,52,1,15,1
3456214,2,4,4,4,4,3,4,2,3,2,1,4,1,4,1,4,3,2,2,5,3,4,4,5,3,2,4,56,1,13,2
3457733,2,4,5,4,2,1,2,2,4,2,2,4,1,1,1,4,2,2,2,2,1,4,3,2,2,1,2,37,1,3,2
3457993,2,4,2,4,2,2,4,4,4,4,4,4,4,4,4,4,4,4,4,4,4,4,4,4,4,4,4,30,1,1,2
3458717,4,3,4,3,3,2,4,3,4,2,2,4,4,4,4,4,3,3,4,3,2,4,3,4,3,3,3,56,1,5,2
3458856,3,1,4,3,4,4,4,4,4,5,4,3,3,2,1,3,2,2,3,4,3,4,4,4,4,4,4,42,2,2,3
3459961,3,3,4,2,2,4,4,3,3,3,1,1,1,1,1,2,1,1,1,1,3,3,3,3,3,2,2,45,1,10,1
3460109,3,4,4,3,4,4,4,3,3,2,2,2,2,2,2,2,2,2,2,2,3,3,4,3,3,3,3,65,1,4,2
3460309,3,4,4,3,4,4,4,3,3,2,2,2,2,2,1,2,3,2,2,3,2,4,4,4,3,3,3,63,1,30,2
3460821,2,4,4,4,4,4,4,3,3,3,3,3,3,3,3,4,3,3,3,4,3,4,4,3,3,3,3,47,1,10,2
3461232,2,4,4,4,4,4,4,4,3,4,3,3,3,3,3,4,3,3,3,3,2,3,3,3,3,3,3,36,2,5,2
3461619,3,4,4,4,3,2,2,1,2,2,1,3,4,3,3,4,2,2,3,4,3,4,4,3,2,2,2,51,1,3,2
3461892,3,3,4,4,5,4,5,1,1,1,1,1,1,1,1,2,1,1,1,3,4,4,4,4,4,4,4,32,2,2,3
3462269,2,4,4,3,3,3,3,3,3,3,3,3,3,3,3,3,4,3,3,3,2,2,2,4,3,3,3,36,1,2,2
3463057,4,3,4,2,4,4,3,2,4,2,2,2,2,2,2,4,4,4,2,4,2,4,4,4,4,4,4,40,1,3,2
3465355,3,5,2,5,3,1,1,1,3,1,1,1,1,1,1,1,1,1,1,2,1,1,1,5,4,3,5,45,1,6,3
3466190,3,1,3,1,4,4,4,4,4,2,1,1,1,1,1,1,1,1,1,1,1,3,3,3,3,3,4,39,1,2,1
3466471,3,4,3,4,4,4,4,4,1,4,4,3,3,3,3,3,3,4,3,3,3,3,3,3,3,3,3,35,2,5,3
3466696,2,4,4,2,2,3,2,3,3,3,3,3,3,3,3,3,3,3,3,4,3,3,3,3,3,3,3,31,1,1,2
3466811,1,1,1,1,1,1,1,1,1,1,1,1,1,1,1,1,1,1,1,1,1,1,1,1,1,1,1,53,1,0,2
3466855,2,3,4,4,4,4,3,3,3,3,3,3,2,2,2,3,3,3,3,4,2,4,4,4,3,4,4,48,1,3,2
3467417,4,1,4,3,4,4,2,4,3,3,2,4,1,2,2,4,3,3,2,2,2,4,3,3,4,4,4,54,1,5,2
3468507,2,4,4,3,4,4,4,3,4,4,3,3,3,3,3,3,3,3,3,4,3,3,3,3,3,3,3,62,1,20,3
3469057,3,4,4,4,3,4,3,3,2,1,2,2,2,2,1,1,2,3,2,3,3,4,4,3,3,3,3,56,1,24,2
3469175,3,2,4,4,4,4,3,3,4,3,3,2,2,2,2,2,2,2,2,2,2,2,2,2,2,2,2,30,2,1,2
3469895,3,3,4,3,3,3,3,3,3,3,3,3,2,3,2,2,2,2,2,3,2,3,3,3,3,3,3,44,2,1,1
3473703,4,4,4,4,3,3,3,3,3,2,1,2,2,2,2,2,2,2,2,4,4,4,4,4,4,4,3,61,1,35,2
3474478,2,4,4,2,4,3,4,2,4,2,2,4,2,2,2,2,2,2,2,4,2,4,4,4,4,4,4,49,1,29,3
3474686,3,3,3,4,3,3,3,3,3,3,3,3,3,3,3,3,3,3,3,3,3,3,3,3,3,3,3,39,1,3,1
3474770,4,2,4,2,2,2,4,2,2,2,2,4,4,4,2,4,2,2,2,2,2,4,4,4,4,4,4,33,1,9,2
3475186,3,4,4,4,4,3,3,2,3,1,2,3,1,1,1,1,1,1,1,3,1,4,4,4,4,4,4,37,1,5,2
3475328,2,3,4,4,3,3,3,3,4,3,1,1,1,1,1,2,1,1,1,2,1,4,4,2,3,4,4,47,1,21,1
3476515,4,4,4,4,4,5,4,3,4,2,2,4,4,2,2,4,4,4,4,4,1,4,4,3,3,3,3,52,2,10,2
3476640,3,4,4,4,4,4,3,3,3,3,3,3,3,3,3,3,3,3,3,3,3,3,3,3,3,3,3,50,1,6,2
3482515,4,2,4,4,4,4,4,3,4,3,3,3,3,3,3,4,4,3,3,4,1,4,4,4,4,4,4,60,2,30,2
3484469,4,2,3,4,4,4,3,2,2,2,2,2,2,2,2,2,3,3,2,4,2,4,4,4,4,4,4,53,2,1,2
3484760,3,3,3,3,3,3,3,3,3,3,3,3,3,3,3,3,3,3,3,3,3,3,3,3,3,3,3,38,1,2,1
3486984,2,4,4,4,4,2,2,2,2,2,2,2,2,2,2,2,2,3,2,2,2,2,2,4,4,2,2,33,1,0,1
3488622,4,2,4,4,4,5,4,4,4,4,4,4,4,4,4,4,4,4,4,4,1,4,4,4,4,4,4,30,2,3,3
3490225,1,1,1,1,1,1,1,1,1,1,1,1,1,1,1,1,1,1,1,1,4,1,1,1,1,1,1,57,1,16,2
3491842,3,4,4,2,4,3,4,3,3,3,3,4,4,4,2,2,4,4,3,4,2,3,3,3,3,3,3,39,1,10,2
3492553,4,2,4,4,4,3,4,3,4,4,3,3,3,3,3,3,3,3,3,4,2,4,4,3,4,3,3,33,1,1,2
3492730,2,4,4,2,4,4,4,3,4,4,3,2,1,3,3,3,1,2,3,3,2,4,4,4,3,4,4,47,1,10,2
3493657,2,4,4,2,4,4,3,2,3,2,2,2,2,3,3,3,3,4,4,4,1,2,2,3,3,2,3,37,2,5,2
3493927,3,4,4,3,3,4,3,3,3,4,3,3,3,3,3,3,5,5,3,3,3,4,4,3,3,3,4,37,1,15,1
3493966,4,3,3,3,3,3,3,3,3,3,3,3,3,3,3,3,3,3,3,3,3,3,3,3,3,3,3,68,1,1,3
3495238,5,3,5,5,3,1,1,1,1,1,1,1,1,1,1,1,1,1,1,1,1,1,1,1,1,1,1,26,1,1,2
3495754,3,2,3,4,3,3,3,2,3,3,3,2,2,2,2,2,2,2,2,2,2,3,3,3,3,3,3,46,2,9,1
3495921,4,3,4,3,3,3,3,3,3,3,4,3,3,3,3,3,3,3,3,3,3,3,3,3,3,3,3,38,2,3,1
3496479,4,1,5,5,5,5,5,5,4,1,1,1,1,1,1,1,4,3,1,1,2,2,2,2,4,2,2,34,2,5,1
3497412,4,2,3,2,3,4,3,2,3,2,2,2,2,2,3,2,2,2,2,2,2,4,4,3,4,3,2,45,1,20,2
3497713,4,3,3,3,3,3,3,3,3,3,3,4,3,3,3,2,3,2,3,3,3,2,3,3,3,3,3,27,1,1,2
3498737,3,3,3,3,4,4,3,3,3,3,4,2,2,2,2,2,2,4,3,3,4,4,4,4,4,3,3,74,1,2,1
3498948,3,1,3,3,4,4,2,2,3,4,3,3,3,3,3,3,4,4,2,4,2,2,2,2,2,2,2,50,2,15,3
3499018,4,3,5,3,4,4,4,3,4,4,3,3,3,3,3,3,3,3,3,4,2,4,4,4,4,4,4,26,2,4,2
3502215,1,1,1,1,1,1,1,1,1,1,1,1,1,1,1,1,1,1,1,1,1,1,1,1,1,1,1,51,1,15,2
3502851,3,3,4,3,4,3,3,3,3,5,4,3,3,3,3,3,5,4,3,4,1,3,3,3,3,3,3,37,2,3,1
3503280,3,4,3,3,4,4,3,3,3,4,4,2,2,2,3,3,3,4,5,4,3,3,4,4,5,3,3,44,1,10,2
3505239,2,4,4,3,3,2,4,2,4,3,2,3,3,3,2,3,3,2,2,4,2,3,3,3,3,3,3,41,1,4,2
3506559,2,4,5,4,3,4,3,3,3,2,2,2,2,2,2,5,3,3,3,4,3,4,3,3,4,3,3,28,1,2,2
3507758,3,3,3,3,3,3,3,3,3,3,3,3,3,3,3,3,3,3,3,3,3,3,3,3,3,3,3,49,1,26,2
3509422,2,4,4,4,4,3,3,3,3,3,3,2,2,3,2,2,3,3,3,3,3,4,4,4,3,2,2,51,1,15,2
3509621,3,2,4,3,4,4,3,3,3,3,3,3,3,3,3,4,3,3,3,3,3,3,3,3,4,4,4,49,1,20,3
3510128,3,3,2,2,2,3,3,3,3,2,1,1,1,3,1,1,1,1,1,2,2,2,2,3,2,2,2,49,1,25,2
3511609,2,2,4,3,3,4,4,3,3,3,3,3,3,3,3,3,3,3,3,3,3,3,3,4,4,4,4,42,2,6,2
3513426,3,4,5,3,3,4,3,2,4,1,1,4,1,1,1,1,1,1,1,1,4,4,3,3,3,3,3,31,1,3,2
3514770,3,4,4,2,2,2,4,3,3,2,1,3,2,2,2,2,2,2,2,2,2,4,2,2,2,2,2,37,1,10,2
3515186,4,2,4,4,4,2,3,4,4,4,4,1,1,1,1,2,2,2,1,4,1,4,4,4,4,4,4,60,2,20,1
3515197,2,3,4,4,4,4,3,3,3,3,4,3,3,3,3,3,3,3,3,3,3,3,3,4,3,3,3,36,1,3,2
3516598,4,1,4,4,4,5,4,4,3,1,1,1,1,1,1,1,1,1,1,4,1,4,4,4,4,4,4,62,1,20,2
3516629,2,4,4,4,4,4,3,3,3,3,4,3,3,3,3,2,2,2,2,2,4,3,3,3,3,3,3,64,1,5,3
3516659,3,4,4,4,5,5,4,2,2,4,5,4,2,2,2,2,4,4,1,1,1,4,4,4,4,4,4,42,2,10,3
3517650,4,2,3,3,3,3,3,3,3,3,3,3,3,3,3,3,3,3,2,3,3,3,3,3,3,3,3,62,1,2,1
3520814,3,5,5,2,5,2,5,2,1,3,3,3,3,3,3,3,4,3,3,5,2,3,4,4,3,3,3,35,1,15,2
3521231,3,3,3,3,3,3,3,3,3,3,3,1,1,3,3,3,3,3,3,3,3,3,3,3,3,3,3,28,1,9,2
3522176,3,3,2,4,3,3,3,3,3,3,3,3,2,3,3,3,3,3,3,3,3,3,4,3,3,3,3,36,1,5,2
3523599,3,4,4,2,3,4,3,2,3,3,2,3,2,3,3,3,3,3,3,3,3,4,3,3,3,3,3,49,1,23,2
3523863,3,3,4,3,3,3,3,3,3,3,2,2,2,2,2,2,2,2,2,3,2,4,4,4,4,4,4,47,2,3,2
3525744,4,3,4,3,4,3,3,3,3,3,3,2,2,2,2,2,2,2,2,2,2,4,4,3,3,3,3,48,1,5,2
3526567,4,3,4,3,4,2,3,3,4,3,2,2,2,2,2,3,1,1,1,2,3,3,4,3,4,3,3,36,1,6,2
3529963,2,4,4,2,4,4,5,2,4,1,1,1,1,1,1,1,1,1,1,1,2,4,4,4,4,4,4,47,1,5,2
3531204,3,4,3,4,4,3,3,3,3,3,2,4,4,2,2,2,3,3,3,3,2,2,2,4,4,4,4,37,2,10,2
3532433,2,4,3,3,3,3,3,3,3,3,3,3,3,3,3,3,3,3,3,3,3,3,4,4,3,3,3,37,1,0,2
3532445,3,4,3,3,3,3,3,3,3,3,3,3,3,3,3,3,3,3,3,4,1,4,4,4,3,3,3,37,1,1,2
3533265,2,4,4,4,4,4,4,3,4,4,3,3,3,3,3,3,3,3,3,3,4,4,4,4,4,3,3,33,1,1,2
3534733,3,3,4,4,3,3,3,3,3,3,3,3,3,3,3,3,3,3,3,3,3,3,3,3,3,3,3,53,1,35,2
3537028,3,4,4,4,3,3,3,3,3,3,2,3,3,3,3,3,3,3,3,3,4,3,3,3,3,3,3,47,2,15,3
3537842,3,3,4,4,3,2,2,2,3,3,3,3,3,2,1,3,3,2,3,3,3,3,2,3,3,3,3,44,2,4,2
3543147,4,2,3,4,4,5,3,3,4,4,3,2,4,3,3,2,3,3,3,4,2,4,2,3,3,4,4,36,1,4,2
3545190,1,4,4,2,4,4,4,4,4,3,1,2,2,3,2,3,3,3,3,2,3,4,4,4,3,4,4,50,1,28,3
3545680,4,2,4,3,4,4,4,4,3,3,3,2,2,2,2,3,2,2,1,4,1,4,4,4,4,4,4,35,1,5,2
3545917,4,1,5,3,3,3,4,3,3,2,2,2,2,4,3,4,3,3,3,4,2,4,4,4,4,4,4,51,1,12,2
3547047,4,3,4,3,4,4,3,2,3,2,2,3,3,3,3,3,2,2,3,3,2,3,3,3,3,3,3,34,2,4,2
3549407,3,3,5,1,1,1,1,1,1,1,1,5,5,5,5,5,5,3,3,3,1,3,3,3,3,3,3,33,1,1,2
3550949,3,3,4,3,4,3,4,3,4,2,2,2,2,2,2,2,2,2,2,3,3,4,4,4,3,3,3,72,1,20,2
3552745,2,3,4,3,4,4,4,3,4,3,4,3,3,3,3,3,4,4,3,4,2,4,4,4,4,4,4,53,1,12,2
3555322,4,2,3,3,3,2,2,4,3,3,3,3,3,3,3,4,3,3,2,2,3,3,3,3,3,4,4,47,1,2,2
3556194,4,2,4,3,5,5,3,1,4,2,2,1,1,1,1,1,1,1,1,4,1,4,4,4,4,4,4,56,1,8,2
3556871,2,4,4,3,4,4,4,2,4,3,3,2,2,2,2,2,2,2,2,2,2,4,4,3,3,3,3,54,2,20,3
3557718,3,4,4,4,4,4,5,4,3,3,3,3,3,3,3,3,4,4,3,5,3,4,3,3,3,3,3,40,1,10,1
3558320,2,4,4,3,3,1,3,3,3,3,3,3,3,3,3,3,3,3,3,3,3,3,3,3,3,3,3,49,2,8,2
3562385,4,4,4,2,4,3,3,3,3,3,3,4,4,4,4,4,4,4,4,4,4,4,4,4,4,4,4,55,2,5,2
3565434,3,4,4,3,4,3,4,3,3,1,1,3,3,4,2,2,2,2,2,3,1,3,3,4,3,3,3,51,2,8,2
3565913,2,4,4,3,4,1,5,1,3,4,3,4,4,3,4,3,3,1,3,5,2,4,4,4,2,1,4,42,1,1,3
3571309,1,4,4,2,4,1,4,3,1,1,1,1,1,1,1,3,1,1,1,3,2,3,3,3,3,3,3,39,1,8,2
3572016,4,4,4,3,5,2,4,3,3,2,1,4,2,3,3,4,2,3,3,4,2,4,4,4,3,4,4,35,1,5,2
3572989,4,2,4,4,3,3,2,2,4,4,2,2,2,2,2,2,2,2,2,2,1,1,1,2,2,2,1,35,1,10,3
3574000,2,2,4,3,4,3,4,4,3,3,3,3,3,3,3,3,3,3,3,4,1,3,3,4,4,4,4,36,2,2,2
3574625,4,4,4,4,4,4,4,4,4,3,3,3,3,3,3,3,4,3,3,3,3,3,3,4,4,4,4,40,1,1,2
3575143,2,4,4,3,3,5,3,2,2,1,1,1,1,1,1,2,2,1,1,2,1,4,4,3,3,3,3,26,1,2,2
3575209,4,4,4,3,3,5,2,1,2,1,1,2,2,2,2,2,2,2,2,2,2,2,2,2,2,2,2,37,2,4,2
3575611,4,2,4,4,4,4,4,3,4,4,4,2,2,2,2,2,2,2,2,3,2,4,4,3,4,4,4,44,1,2,1
3578599,3,3,3,4,4,3,4,3,3,2,3,2,1,2,2,3,2,3,2,3,1,4,4,3,3,3,3,67,1,7,3
3579255,2,2,4,4,4,1,4,1,1,1,1,1,1,1,1,1,1,1,1,3,1,4,4,4,3,3,3,33,1,5,2
3582496,3,2,4,3,4,4,2,2,2,4,4,1,1,1,1,3,3,3,1,4,1,3,3,3,3,3,3,43,2,6,1
3582663,3,3,4,3,2,2,2,2,2,2,2,2,2,3,1,3,1,1,1,3,1,1,1,1,1,1,1,29,2,4,2
3583116,4,4,4,2,4,3,4,3,2,2,2,4,4,4,2,1,4,2,3,5,2,4,4,3,3,4,4,32,1,5,2
3583404,1,1,4,4,4,1,1,1,1,1,1,1,1,1,1,1,1,1,1,1,1,1,1,1,1,1,1,34,1,4,2
3583426,2,4,3,3,3,2,3,2,2,2,2,1,1,1,1,2,1,1,1,2,2,3,3,2,3,2,1,38,1,2,2
3583601,2,4,5,3,4,4,4,4,4,3,3,3,3,3,3,3,1,1,2,3,2,3,4,4,4,4,4,34,2,2,2
3585527,3,3,3,3,4,4,4,3,4,4,3,3,3,3,3,3,2,2,2,3,3,4,4,4,4,3,3,36,1,4,2
3585862,4,3,4,4,4,4,4,3,4,3,3,3,3,3,3,3,4,4,3,4,2,3,3,3,4,3,3,47,2,0,1
3586309,2,2,2,2,2,2,2,2,2,2,2,2,2,2,2,2,2,2,2,2,2,2,2,2,2,2,2,27,1,1,2
3587150,3,3,3,3,3,3,3,3,3,3,3,3,3,3,3,3,3,3,3,3,4,3,3,3,3,3,3,39,1,6,1
3587243,4,1,1,1,1,4,1,1,1,1,1,1,1,1,1,1,1,1,1,1,1,1,1,1,1,1,1,50,2,6,2
3589158,3,3,3,3,4,4,3,3,3,3,3,4,4,3,3,3,4,4,3,3,3,3,3,3,3,3,3,44,1,2,2
3591498,3,3,3,3,3,3,3,2,2,2,2,3,3,3,3,3,2,2,2,2,2,2,2,3,3,3,3,48,1,15,2
3592733,2,4,4,2,2,2,4,4,3,5,3,3,2,4,2,2,2,2,2,4,3,4,4,4,2,3,3,46,1,5,3
3593160,3,3,4,3,3,3,3,3,3,3,3,3,3,4,3,3,3,3,3,3,3,3,3,3,3,3,3,24,1,3,2
3593918,3,3,5,1,1,1,4,1,1,1,1,1,1,1,1,1,1,1,1,1,1,3,3,3,3,3,3,35,1,6,2
3594209,2,2,3,2,2,2,2,2,3,2,2,3,2,3,2,2,2,2,2,2,2,3,3,3,2,3,2,34,2,3,2
3596063,3,4,4,3,3,3,3,3,3,3,3,3,3,3,3,3,3,3,3,3,3,4,4,3,3,3,3,42,2,5,2
3596138,4,3,4,4,4,4,4,4,4,3,3,3,2,2,2,1,2,2,3,4,4,4,4,2,3,3,3,53,2,4,2
3598277,5,2,4,4,5,5,3,2,4,2,4,4,5,5,4,4,3,3,4,4,2,4,3,3,4,3,3,31,1,0,2
3599701,4,2,4,3,4,4,4,2,3,3,2,3,3,3,3,3,4,3,3,4,2,4,4,4,4,4,4,44,2,2,2
3602202,2,4,3,3,3,3,3,3,3,3,3,3,3,3,3,3,3,3,3,3,3,3,3,3,3,3,3,50,1,2,2
3602335,3,3,4,4,4,4,3,2,2,2,1,2,2,3,2,4,3,3,3,4,3,3,3,4,3,3,3,31,2,5,2
3603188,3,3,5,4,4,3,5,4,5,4,4,5,5,5,5,4,4,4,4,4,4,5,5,4,4,4,4,62,1,12,3
3603205,2,4,4,3,4,5,4,3,3,3,4,3,3,3,3,4,3,3,3,3,2,4,3,3,3,3,3,27,1,3,2
3603969,4,4,4,4,4,4,4,4,4,3,4,4,3,2,2,2,2,2,2,4,4,4,3,3,3,3,3,39,2,15,2
3604050,2,4,4,4,4,2,3,2,2,2,4,2,2,2,2,2,2,2,2,2,2,2,2,2,2,2,2,57,1,10,1
3604357,2,4,4,4,2,2,4,2,2,2,2,3,3,3,3,3,2,2,2,4,4,4,4,3,2,2,2,55,1,5,2
3604652,3,3,3,3,3,3,4,3,3,3,3,3,3,3,3,3,3,3,3,3,3,3,3,3,3,3,3,50,2,0,2
3606125,4,3,4,4,4,4,4,3,3,3,3,4,3,3,3,3,3,3,3,4,3,3,3,3,3,3,3,32,2,2,2
3608792,3,3,3,3,3,3,3,3,3,3,3,3,3,3,3,3,3,4,3,3,3,3,3,3,3,3,3,40,2,2,3
3608803,4,3,4,4,4,3,3,3,4,3,3,4,3,3,3,3,3,3,4,3,2,3,3,4,3,3,3,33,2,3,3
3612943,3,4,4,4,4,3,4,3,3,3,2,3,3,3,3,3,2,2,3,4,3,4,4,4,3,4,4,58,1,10,1
3613698,3,3,3,3,3,3,3,3,3,3,3,3,3,3,3,3,3,3,3,3,3,3,3,3,3,3,3,44,2,1,2
3614243,4,2,4,3,4,4,4,3,4,3,3,4,3,3,4,3,3,3,3,3,3,4,3,4,4,4,3,29,2,2,1
3615642,3,2,4,4,3,4,2,2,2,2,2,2,2,3,3,2,4,4,2,2,2,3,3,4,3,4,3,28,1,2,2
3616899,3,4,3,4,3,3,3,3,4,3,3,3,3,3,3,3,4,3,3,4,3,3,3,3,3,3,3,56,1,15,3
3616930,2,4,4,2,4,4,4,4,3,4,4,3,2,2,2,2,3,3,2,2,2,2,4,4,2,4,4,70,1,5,1
3617198,3,4,4,2,2,4,4,4,3,2,2,3,3,3,2,3,3,2,3,3,2,4,4,4,4,3,3,49,2,10,2
3617267,3,1,4,4,4,4,3,2,4,4,4,4,1,1,1,4,2,2,1,4,3,3,3,4,4,2,2,45,2,4,3
3617276,3,3,4,4,4,4,3,2,4,3,2,3,2,1,3,4,2,2,3,4,2,4,4,4,4,4,4,36,2,4,2
3618971,3,4,4,2,2,2,2,1,1,1,1,1,1,1,1,1,1,1,1,4,2,2,3,3,3,3,3,42,2,1,2
3620612,3,4,4,4,4,4,4,2,4,4,2,4,2,2,2,4,4,4,4,4,2,4,4,4,4,4,4,35,1,3,2
3620783,2,3,4,2,4,4,3,2,4,3,2,4,2,4,2,4,2,2,2,1,2,4,4,4,3,2,2,37,1,2,3
3620903,2,2,4,3,4,4,4,3,4,4,2,4,2,4,2,4,4,3,2,4,2,4,4,4,3,3,3,42,2,9,2
3622484,3,3,4,3,3,3,3,3,3,4,4,3,3,3,3,3,3,3,3,3,3,3,3,3,3,3,3,33,2,0,1
3624038,3,4,4,4,3,4,4,2,2,2,2,2,2,2,2,2,2,2,2,2,3,3,3,3,3,3,3,37,1,2,1
3625748,4,4,4,3,4,4,3,3,4,4,2,4,2,2,2,2,2,2,2,3,3,4,4,4,4,4,3,46,1,7,2
3625753,4,4,4,4,4,3,3,3,3,3,3,2,2,2,2,2,2,2,2,2,2,2,3,3,3,3,3,27,2,3,2
3629077,2,4,4,4,4,3,4,3,4,4,4,2,2,2,2,2,2,2,2,2,2,4,4,3,3,3,3,65,1,5,1
3629677,2,2,2,2,2,2,2,2,2,2,2,2,2,2,2,2,4,4,4,3,2,2,2,2,2,2,2,41,1,2,2
3630463,2,3,4,4,4,4,3,3,4,4,5,3,3,3,3,3,3,3,3,4,3,4,3,3,3,3,3,67,2,2,1
3631031,3,4,4,3,3,3,4,3,3,2,2,2,2,2,2,3,2,2,2,3,4,4,4,3,3,4,3,44,1,3,2
3632178,4,2,4,4,3,4,4,3,3,3,3,3,3,3,3,3,3,3,3,4,3,3,3,4,3,4,3,32,2,3,2
3632355,3,4,4,3,4,4,4,2,2,2,1,1,1,1,1,3,3,3,1,1,1,4,4,4,3,3,3,28,1,5,2
3632662,3,4,4,4,4,4,4,4,3,4,4,4,3,3,3,3,3,3,3,4,3,4,4,4,4,4,4,65,1,5,3
3633601,3,3,3,3,4,4,3,3,3,3,3,4,4,4,4,4,4,4,3,3,4,3,3,4,3,4,3,28,2,4,2
3633645,2,2,2,2,2,2,2,2,2,4,4,2,2,2,2,2,4,4,3,3,3,3,3,3,3,3,3,29,2,1,1
3636476,2,4,5,5,3,4,2,2,2,2,2,2,2,2,2,2,2,2,2,2,2,5,3,3,3,3,3,40,1,8,2
3637059,4,1,1,1,1,1,1,1,3,4,4,1,1,1,1,1,4,4,1,4,2,3,3,3,3,3,3,27,2,2,1
3637775,2,3,2,2,1,1,4,4,2,4,4,4,3,4,4,4,5,3,3,4,1,4,4,4,5,4,4,26,2,3,2
3638712,1,4,5,1,4,4,4,1,4,2,1,2,2,2,2,2,2,2,2,2,1,4,4,4,3,3,3,32,1,8,2
3639983,4,3,4,4,4,4,3,3,3,3,3,3,3,3,3,3,4,4,2,3,3,3,3,3,3,3,3,46,2,0,2
3640327,4,5,3,2,3,1,4,1,1,1,1,1,3,4,3,2,2,2,2,3,2,3,2,2,2,2,2,39,1,10,2
3640936,3,3,3,3,3,3,3,3,3,3,2,2,2,2,2,2,2,2,2,2,2,3,2,2,2,2,2,46,2,10,2
3641893,3,3,4,4,4,4,4,3,4,3,2,3,2,2,2,2,2,2,2,3,1,3,3,2,3,3,3,39,1,10,2
3643046,3,3,4,2,2,2,2,1,1,1,1,1,1,1,1,1,1,1,1,1,1,3,2,2,2,2,2,36,2,0,2
3646627,3,3,3,3,3,3,3,3,3,3,3,3,3,3,3,3,3,3,3,3,3,3,3,3,3,3,3,38,1,3,2
3650230,2,4,4,2,4,4,4,2,3,3,3,4,4,4,2,1,1,1,1,2,2,4,4,4,3,2,2,38,1,4,2
3651261,3,3,3,3,3,3,3,3,3,3,3,3,3,3,3,3,3,3,3,3,3,3,3,3,3,3,3,67,1,7,1
3651443,4,2,4,4,4,5,4,4,4,4,2,2,2,2,2,3,3,3,3,4,2,4,4,3,3,2,4,57,1,15,2
3654357,4,4,4,4,4,4,4,3,3,3,3,3,3,4,3,3,3,3,3,4,3,4,4,4,4,4,4,33,2,2,2
3654585,4,2,4,2,4,3,2,2,2,1,1,1,1,1,1,1,1,1,1,4,1,4,3,2,4,4,4,44,2,6,2
3655205,3,5,4,4,2,2,4,1,3,2,2,2,1,1,1,1,1,1,2,3,1,4,4,4,1,1,1,44,1,3,2
3655728,4,4,4,3,3,4,4,2,2,3,1,2,4,4,4,2,1,1,2,4,2,3,3,3,3,3,3,50,1,10,2
3656783,4,3,4,4,4,4,4,4,4,4,4,2,2,2,2,3,3,4,2,3,4,4,4,4,4,3,3,46,1,4,2
3657727,4,3,4,3,4,4,4,3,3,3,3,3,3,3,3,3,3,3,3,3,3,3,3,3,3,3,3,34,1,2,2
3657850,3,3,3,3,4,4,3,3,3,3,3,3,3,3,3,3,3,3,3,3,4,3,3,3,3,3,3,30,1,1,2
3658189,3,3,4,3,3,3,4,3,3,3,3,3,3,3,3,3,3,3,3,3,3,4,4,3,3,3,3,45,1,23,3
3658553,4,4,4,3,4,4,4,3,4,2,2,1,1,2,1,3,2,2,1,4,1,4,4,4,3,4,4,44,1,1,2
3660353,3,4,4,2,4,2,5,4,3,3,2,2,2,2,2,3,3,3,3,3,2,4,4,4,4,4,4,33,1,8,2
3662191,3,3,4,3,3,3,3,3,3,3,3,3,3,4,3,3,3,3,3,3,2,3,3,4,3,3,3,33,2,1,2
3662329,3,4,4,2,3,4,4,4,4,2,1,1,1,1,1,2,1,1,1,4,1,4,4,3,3,1,1,37,1,5,2
3664006,4,3,3,3,3,4,3,3,3,3,3,3,4,3,3,3,4,4,3,3,3,3,3,3,3,3,3,31,2,5,2
3664404,4,2,2,3,2,3,3,3,2,1,1,2,1,1,1,3,2,2,3,3,1,3,3,3,2,3,3,35,2,4,2
3664493,3,4,5,5,5,4,4,2,4,3,3,3,3,3,3,4,3,3,4,4,2,5,5,3,4,4,4,42,2,3,2
3665157,3,2,4,3,3,4,4,3,3,1,1,3,3,2,3,3,4,3,3,4,3,4,4,4,4,3,3,33,2,1,2
3667274,3,3,4,3,4,4,4,3,3,2,2,3,2,3,2,3,3,3,2,3,1,4,4,3,4,2,2,38,1,10,2
3667864,4,2,4,4,4,4,4,2,4,4,4,2,2,2,2,2,1,1,3,4,3,4,4,4,4,4,4,26,1,3,3
3670115,3,4,4,4,3,4,4,3,4,4,3,2,2,3,2,3,2,2,2,3,4,4,4,4,3,3,3,61,1,35,2
3670335,4,3,4,4,5,2,4,3,3,2,2,1,1,1,1,1,1,1,1,1,2,4,4,4,4,3,3,49,1,20,2
3671424,2,4,4,3,3,3,3,3,3,3,3,3,3,3,3,3,3,3,3,3,3,3,3,3,3,3,3,39,1,3,3
3672239,4,2,3,3,4,4,4,2,4,3,4,2,2,2,2,3,3,3,3,3,3,4,3,3,3,4,4,29,1,1,2
3673625,2,3,4,4,4,2,3,3,4,3,1,4,3,3,3,4,3,3,3,4,1,3,3,1,3,3,3,52,2,3,2
3674730,4,4,4,4,4,4,4,3,3,3,2,3,3,1,3,3,3,3,3,3,3,3,3,3,1,3,1,35,1,15,2
3676391,4,3,4,3,4,3,3,3,3,2,2,2,2,2,2,3,2,2,2,2,3,4,3,3,3,3,3,62,1,10,2
3676961,4,4,5,3,4,4,4,3,2,3,2,2,2,3,2,4,5,4,2,2,1,4,4,3,2,3,2,39,1,13,2
3677259,2,4,2,2,4,5,2,2,2,5,2,4,2,2,2,2,3,2,2,2,4,2,2,2,2,2,4,46,2,5,1
3677377,4,4,4,4,4,4,4,4,4,4,3,4,4,4,4,4,4,4,4,4,4,4,4,4,4,4,4,42,1,20,2
3677728,2,4,2,2,2,2,2,2,2,4,4,2,2,2,2,2,2,2,2,4,3,3,3,3,3,3,3,52,2,20,3
3678044,4,2,4,2,2,2,2,2,2,2,2,2,2,2,2,2,2,2,2,2,2,2,2,2,2,2,2,50,1,1,2
3679076,3,1,2,2,4,4,4,2,1,1,1,1,1,1,1,2,1,1,1,1,1,1,1,1,1,1,1,43,1,7,2
3680578,3,2,4,3,4,4,4,3,3,3,4,3,3,3,3,3,3,3,2,3,2,4,4,4,3,3,3,29,2,1,2
3680825,4,2,4,5,5,3,4,4,4,3,2,2,2,2,2,3,3,3,3,4,2,3,4,4,4,3,3,32,1,0,2
3682064,3,5,5,4,4,2,4,1,1,1,1,3,3,3,3,3,3,3,3,3,1,4,4,4,4,4,4,26,1,3,2
3682659,4,3,4,4,4,4,4,2,2,2,1,1,1,1,1,2,1,1,1,3,1,4,4,3,3,2,2,26,1,2,2
3682693,4,2,4,4,4,2,2,2,2,2,4,4,2,2,2,2,2,2,2,4,2,4,4,2,2,2,2,32,2,2,2
3682751,1,1,1,1,1,4,4,1,3,1,1,1,1,1,1,1,1,1,1,1,1,4,5,5,5,4,4,36,1,5,2
3683398,3,3,4,3,3,4,2,1,4,1,1,1,1,1,1,3,1,1,1,4,1,3,3,3,3,3,3,52,2,22,2
3683901,3,4,4,3,4,3,3,3,3,3,2,2,2,2,2,3,2,2,2,2,3,4,4,4,4,4,4,35,1,5,2
3684481,3,2,4,3,5,4,4,2,2,1,1,3,3,3,3,4,4,4,3,4,2,2,2,2,2,2,2,47,1,0,2
3684687,4,4,4,3,4,4,4,2,2,2,1,1,1,1,1,3,1,1,1,1,2,4,4,1,1,1,1,39,1,2,2
3684829,3,4,4,3,4,5,4,4,3,3,3,3,3,3,3,3,4,3,3,3,1,3,3,3,3,3,3,32,2,3,2
3685011,2,4,4,2,4,4,4,2,5,4,3,4,2,4,3,3,4,3,2,4,2,4,4,4,4,4,4,32,2,3,2
3687508,3,3,3,3,3,4,3,4,3,3,3,2,2,3,3,2,3,3,2,3,3,3,3,2,3,2,3,38,1,3,1
3690115,4,4,4,3,4,3,4,2,2,2,2,2,2,2,2,2,2,2,2,3,3,4,4,4,4,4,4,53,1,32,2
3691944,4,4,5,5,5,2,4,2,4,4,1,1,1,1,1,1,1,1,1,4,1,4,4,5,5,5,5,26,1,0,2
3692744,2,4,4,2,2,2,2,2,3,1,1,3,3,3,3,2,2,2,2,1,1,2,1,1,1,1,1,29,1,2,2
3694710,2,4,4,3,2,2,2,2,2,2,2,2,2,2,2,2,2,2,2,2,4,4,4,4,2,2,2,26,1,0,2
3694906,4,4,4,4,4,3,4,3,4,2,2,2,2,2,2,3,3,3,3,4,2,3,3,3,2,2,2,65,1,5,2
3696499,4,4,5,5,4,4,4,3,4,4,3,4,3,4,3,3,3,3,3,4,2,4,2,2,2,2,2,39,1,3,1
3698863,4,2,2,1,4,4,2,2,2,1,1,1,1,1,1,1,1,1,1,1,1,4,4,1,2,1,1,37,1,16,2
3700883,4,2,4,3,4,4,4,3,3,3,3,3,3,3,3,3,3,3,3,2,2,4,4,4,4,4,4,61,1,4,1
3701691,4,3,4,3,4,4,4,3,3,3,4,3,3,3,3,3,3,3,3,3,3,4,4,4,4,4,4,43,1,1,2
3704119,4,4,4,4,4,5,4,2,4,1,1,3,2,3,2,3,2,2,3,4,3,4,4,4,4,4,3,51,2,1,2
3704300,2,3,4,4,5,3,3,2,2,3,4,2,1,1,1,3,2,2,1,3,3,4,3,1,4,3,3,71,1,25,1
3704758,4,3,4,4,4,4,3,2,2,2,2,1,1,1,1,4,1,1,1,1,4,4,4,4,4,4,4,39,1,7,2
3704989,3,4,3,3,3,3,3,3,3,3,3,3,3,3,3,3,3,3,3,3,3,3,4,4,4,3,3,45,1,15,2
3706846,4,3,4,4,4,5,4,3,3,2,2,2,2,2,2,4,2,2,1,4,1,4,4,3,4,3,3,41,2,2,2
3706902,2,4,4,2,2,4,4,4,3,3,3,3,3,3,3,3,3,3,3,4,2,3,3,3,3,3,3,65,1,1,2
3707523,4,1,4,1,1,4,1,2,1,1,1,1,1,1,1,1,1,1,1,1,1,3,1,1,1,1,1,24,1,1,2
3707911,3,3,4,4,4,4,3,2,4,4,2,2,2,2,2,2,3,3,2,4,3,4,4,4,4,4,4,60,2,5,3
3712354,3,4,5,4,5,4,4,3,4,3,3,3,2,3,3,4,2,2,3,4,4,4,4,3,4,4,4,52,1,20,3
3713250,3,3,3,4,3,3,4,4,4,3,3,3,3,3,4,4,3,4,4,3,3,3,3,3,3,4,3,66,1,30,3
3713947,5,1,2,5,2,2,2,2,3,3,1,3,3,3,3,1,1,2,3,4,1,4,3,4,4,4,4,50,1,0,2
3714267,2,4,4,2,2,5,2,1,2,5,5,1,1,1,1,2,4,4,1,5,1,4,4,4,3,3,3,50,2,8,1
3716152,3,4,4,3,4,4,5,3,3,3,3,3,3,3,3,3,3,3,3,3,5,3,3,3,3,3,3,32,1,5,2
3717012,3,4,4,1,4,3,3,3,4,4,3,3,3,3,3,3,3,3,3,3,2,4,4,4,4,4,4,37,1,6,2
3719233,3,4,4,3,3,4,4,3,3,2,1,1,1,1,1,3,3,3,2,3,3,4,4,4,4,4,4,44,1,6,2
3721866,2,4,4,3,4,4,3,2,3,1,1,1,1,3,1,3,2,2,2,3,2,4,4,4,3,4,4,39,2,3,2
3721894,5,2,4,2,2,4,4,2,2,2,2,3,4,3,4,2,2,2,4,4,3,5,4,3,4,4,3,35,1,1,2
3722696,3,3,4,4,4,4,4,3,3,3,3,3,3,3,3,3,3,3,3,4,3,4,3,3,3,3,3,36,2,10,2
3723894,3,4,4,3,4,4,4,3,3,2,2,2,2,2,2,3,3,3,3,3,2,4,4,4,4,4,4,39,1,11,3
3724129,2,2,2,2,2,3,3,2,2,2,2,2,2,2,2,2,2,2,2,3,4,3,4,3,4,3,3,37,2,5,1
3724467,4,1,4,4,4,4,4,4,4,4,3,4,4,4,4,4,2,2,4,3,3,4,4,4,4,4,4,35,1,1,2
3724806,4,2,4,3,3,3,3,3,4,2,3,3,3,3,3,2,2,2,3,2,2,4,4,5,3,3,4,32,1,0,2
3724853,4,1,4,1,1,5,1,1,4,1,1,2,2,2,1,1,1,1,3,3,1,1,1,1,4,3,1,55,2,8,2
3725836,2,4,4,3,3,4,4,4,4,4,2,4,4,4,4,4,4,4,4,3,2,2,2,2,2,2,2,35,1,3,2
3728706,2,2,4,3,4,3,2,2,2,2,1,1,1,1,1,2,2,2,1,3,2,2,2,2,2,2,2,43,1,20,1
3729256,3,3,4,4,3,3,3,3,3,3,3,3,3,3,3,3,3,3,3,3,3,3,3,3,3,3,3,30,2,0,2
3729950,2,5,5,3,5,5,4,2,4,2,2,3,3,1,2,3,1,2,2,5,2,4,4,4,2,3,3,33,1,2,2
3730257,4,3,4,3,2,2,4,2,3,3,3,2,2,2,2,2,2,2,2,3,1,3,4,4,4,4,4,53,2,25,3
3731032,4,3,3,4,4,3,4,3,3,4,3,2,1,3,1,2,3,3,2,3,3,4,4,4,4,3,3,49,1,8,1
3732865,3,3,4,4,2,2,4,3,3,3,3,3,3,3,3,3,3,3,3,3,3,3,3,5,3,3,3,39,1,2,2
3733171,4,3,4,4,4,4,4,3,3,3,3,3,3,3,3,3,3,3,3,3,3,3,3,4,3,3,3,34,1,1,2
3737655,4,2,4,3,4,3,4,3,5,4,4,4,1,2,1,1,3,4,1,4,2,4,4,4,4,4,4,39,2,2,1
3739020,3,4,4,4,3,4,3,3,3,3,4,3,3,3,3,3,3,3,3,3,3,3,3,3,3,3,3,63,1,8,3
3739348,4,3,4,2,4,4,5,2,2,2,2,2,2,2,2,2,1,1,1,2,4,3,3,3,3,3,3,58,1,5,2
3739803,3,4,4,1,4,1,2,2,4,3,2,2,2,4,2,2,2,2,2,4,2,4,4,4,3,3,3,46,1,20,2
3739984,4,3,4,3,4,4,4,1,3,2,2,3,3,4,3,3,3,3,3,5,2,4,5,4,5,3,2,28,2,1,3
3742004,1,1,1,1,1,4,1,1,1,1,1,1,1,1,1,1,1,1,1,1,1,1,1,1,1,1,1,33,2,6,1
3742920,2,2,4,4,3,3,4,3,3,3,2,3,3,3,3,2,2,3,3,4,2,3,3,4,4,3,3,25,1,1,2
3743110,4,2,4,4,3,3,4,3,4,4,4,3,3,3,3,3,3,3,3,3,3,3,3,3,3,3,3,34,1,1,1
3744940,3,2,4,4,4,5,4,3,3,3,3,3,3,3,3,3,4,5,3,3,1,3,3,3,3,3,3,33,2,1,2
3746985,4,2,4,4,4,4,4,3,4,4,4,4,3,3,3,4,4,4,4,4,4,4,4,4,4,4,4,40,2,3,1
3747315,4,4,4,4,4,4,4,4,4,3,4,4,4,4,4,4,4,4,4,4,3,3,3,3,3,3,3,28,1,5,2
3747396,3,3,4,2,3,3,3,3,3,2,2,2,2,2,2,2,2,2,2,2,1,4,4,4,4,2,2,30,1,5,2
3749995,4,2,4,4,4,4,2,2,4,2,2,2,2,2,2,2,2,2,2,4,2,4,4,4,4,2,2,46,2,10,2
3752740,4,4,4,4,4,4,4,3,3,2,2,4,3,3,3,3,3,3,3,3,2,4,4,3,3,3,3,38,1,15,2
3752828,3,3,4,4,4,3,3,3,2,2,3,3,3,2,2,2,2,3,3,4,3,3,3,3,3,3,3,32,2,1,3
3754580,2,2,4,2,3,3,4,3,1,1,1,1,1,1,1,1,1,1,1,1,4,1,1,4,3,3,3,37,1,1,2
3755062,4,3,4,4,4,4,4,3,3,3,3,3,3,3,3,3,3,3,3,4,3,4,4,4,4,4,4,52,1,25,1
3756675,2,4,4,2,4,4,3,3,4,1,2,2,2,2,2,3,3,3,2,2,2,3,4,3,3,3,3,29,1,4,2
3758371,3,4,4,3,5,4,3,2,3,2,2,3,3,3,3,4,1,2,3,4,4,4,3,4,4,4,4,61,2,10,3
3760702,2,4,5,4,4,4,4,3,4,2,2,2,2,2,2,4,4,4,2,4,2,4,4,4,4,4,4,58,2,1,2
3760981,3,3,3,3,3,3,4,1,2,1,1,3,3,3,3,1,1,1,3,1,1,4,4,4,4,4,3,46,1,4,2
3762478,2,2,4,4,4,4,4,2,2,2,2,2,2,2,2,2,2,2,2,2,2,4,4,4,4,4,4,32,2,4,2
3764493,1,4,4,1,4,4,4,4,1,1,1,1,1,1,1,1,1,1,1,1,1,1,2,2,2,2,2,28,1,3,2
3764808,4,3,4,4,4,4,4,4,4,2,2,2,2,2,2,2,4,2,2,4,2,2,2,4,4,4,4,32,2,9,2
3764916,1,1,1,1,1,1,1,1,1,1,1,1,1,1,1,1,1,1,1,1,5,1,1,1,1,1,1,36,2,5,2
3765045,2,2,2,2,2,3,4,2,2,2,2,2,2,2,2,2,2,2,2,2,2,2,2,2,2,2,2,45,1,15,2
3765808,2,4,4,2,2,2,2,2,2,2,4,2,2,2,2,2,2,2,2,2,2,4,4,4,2,2,2,55,2,5,1
3787283,3,3,3,3,3,4,3,3,3,3,3,3,3,3,3,3,3,3,3,3,1,3,3,3,3,3,3,42,1,7,2
3791595,4,2,4,4,4,3,3,3,3,4,4,3,3,2,2,2,3,3,2,2,2,4,4,4,4,4,4,50,2,5,1
3792206,2,4,4,4,2,2,2,2,2,2,2,2,2,2,2,2,2,2,2,2,2,4,3,2,2,3,3,45,1,5,2
3792559,4,4,4,4,4,3,3,3,4,3,3,3,4,3,3,4,3,3,3,3,3,4,4,3,2,2,2,28,1,1,2
3793001,4,2,4,2,4,4,4,2,3,2,2,2,2,2,2,2,2,2,2,2,2,4,4,4,4,4,4,36,1,10,2
3793474,3,2,4,4,4,5,4,2,2,2,2,3,1,3,3,3,1,1,3,3,2,3,3,3,4,3,3,36,1,0,2
3793874,4,4,4,4,4,4,4,4,4,4,3,3,3,3,3,3,3,3,3,3,3,3,3,3,3,3,3,54,1,10,1
3794505,3,3,4,3,4,4,4,3,3,1,2,2,2,3,2,2,2,2,2,3,1,4,3,3,3,3,3,37,2,4,2
3796095,4,2,4,2,4,4,2,2,2,2,2,2,2,2,2,4,2,2,2,2,2,4,2,2,2,2,2,36,1,5,2
3798693,4,3,5,1,4,5,2,3,4,4,4,4,1,1,3,2,2,2,2,3,1,4,2,4,3,4,4,33,2,2,1
3801001,3,1,5,5,5,4,3,1,1,1,1,1,1,1,1,1,1,1,1,4,1,4,4,4,4,4,4,35,1,4,2
3801183,4,3,4,4,4,4,4,3,3,3,2,3,3,3,3,3,3,3,3,3,3,4,4,3,3,4,4,35,2,4,2
3804047,4,5,5,5,5,5,4,3,4,2,2,2,2,2,2,2,2,2,2,4,3,4,4,4,4,4,4,45,2,30,2
3804722,4,4,4,3,4,5,4,3,3,3,3,4,3,3,3,3,3,3,3,4,3,3,3,3,3,3,3,30,1,0,2
3805061,3,3,3,4,4,4,4,4,4,1,1,4,4,4,4,1,1,1,5,5,1,1,1,5,5,1,1,39,1,2,2
3805850,4,1,2,4,3,4,4,2,3,4,1,3,3,3,3,3,1,1,3,3,4,4,5,4,4,4,3,64,2,25,3
3808794,3,3,4,3,4,4,4,2,4,2,2,2,2,2,2,2,2,2,2,2,2,4,4,3,3,3,3,31,1,2,2
3809088,3,4,4,4,4,4,4,3,3,3,3,4,4,3,3,4,3,3,3,3,2,4,3,3,3,3,3,38,1,5,2
3811470,3,4,4,3,3,3,3,3,4,3,3,2,2,2,2,4,3,3,2,4,4,4,4,4,4,4,4,38,1,15,2
3814124,4,2,3,3,3,4,4,3,4,4,2,2,2,2,2,2,2,2,2,3,1,3,3,3,3,3,3,63,1,8,1
3815006,3,4,4,3,4,4,3,3,3,2,2,3,3,3,3,3,4,4,3,4,3,4,4,4,4,4,4,27,1,2,2
3816365,3,2,4,2,2,3,4,4,2,2,2,2,2,2,2,2,2,2,2,2,2,2,4,4,4,4,4,35,1,5,2
3817564,3,2,4,3,3,3,4,2,2,2,2,3,4,3,2,2,1,1,1,3,4,4,4,4,3,3,3,61,2,24,3
3820354,2,3,3,4,4,2,2,3,3,3,4,4,4,3,3,2,5,5,4,3,4,3,3,3,3,3,3,35,1,2,2
3820562,2,3,4,4,3,4,4,3,4,3,3,4,3,3,3,2,2,2,3,4,3,4,4,4,3,2,2,67,1,5,1
3820683,3,2,4,3,3,4,4,3,3,3,4,4,4,3,3,2,2,3,3,3,3,4,3,3,4,3,3,32,1,5,2
3823855,2,4,4,4,4,2,2,2,4,4,3,3,3,3,3,3,3,3,3,4,2,3,3,3,3,3,3,31,1,1,2
3824182,2,4,3,2,3,4,3,2,3,3,4,4,1,2,2,2,1,1,2,2,3,3,3,3,3,1,3,66,1,10,3
3824363,3,2,2,2,2,3,3,2,3,3,3,2,2,3,2,2,2,2,4,2,3,4,3,4,4,3,3,33,2,21,2
3826029,3,4,4,5,4,3,4,4,4,3,3,3,3,3,3,2,2,1,2,4,3,4,4,4,4,3,3,37,1,3,3
3827734,4,3,4,4,4,4,2,3,3,3,3,1,1,1,1,1,1,1,1,3,4,4,4,4,4,4,4,56,1,10,2
3828613,2,2,4,4,3,2,4,2,4,4,4,2,2,2,2,2,2,2,2,2,2,2,2,2,2,2,2,32,2,1,1
3829864,3,4,4,4,4,2,3,3,4,3,3,3,3,3,3,3,3,3,3,3,2,4,4,4,3,3,3,36,1,3,2
3829912,3,4,3,4,3,4,3,3,4,3,2,3,2,3,3,3,2,2,2,4,3,4,4,4,3,4,4,44,1,0,2
3830203,4,3,4,3,4,4,4,3,4,4,3,3,3,3,3,3,4,4,4,4,3,4,4,4,4,4,4,58,2,20,1
3830334,4,4,5,5,5,5,4,2,4,4,4,2,1,2,3,4,3,3,2,4,1,5,3,4,4,4,3,32,2,5,2
3830717,3,3,4,3,3,3,4,3,1,1,1,4,4,3,4,2,4,3,4,2,1,4,2,4,3,3,3,55,1,35,2
3830720,4,5,4,4,1,1,1,1,4,1,1,1,1,1,1,1,1,1,1,2,1,4,4,5,4,1,1,33,1,7,2
3830742,3,3,4,4,4,4,3,3,3,3,2,2,2,2,2,2,2,2,2,2,3,4,4,4,4,4,3,34,1,0,2
3838219,3,2,2,3,4,3,4,2,3,2,3,2,2,4,3,3,2,2,3,3,4,4,3,3,2,2,3,34,1,2,2
3849550,3,4,5,2,4,4,4,3,3,3,3,4,3,4,3,3,4,4,4,4,3,4,4,4,3,4,4,67,1,4,2
3849701,3,3,3,3,4,4,3,3,3,3,3,2,2,2,2,2,2,2,2,2,2,4,4,4,4,4,4,31,2,3,1
3851321,4,4,4,4,3,3,3,3,3,3,3,3,3,3,3,3,3,3,3,3,3,3,3,3,3,3,3,52,2,0,2
3852465,2,2,2,2,3,2,2,2,2,2,2,2,2,2,2,2,3,2,2,2,2,2,2,2,2,2,2,32,2,5,1
3852556,3,4,4,4,4,4,4,3,3,4,4,4,4,4,4,3,4,4,4,4,4,4,4,4,4,4,4,36,1,10,2
3852933,2,4,4,2,3,5,3,3,3,1,1,1,1,1,1,1,1,1,1,1,1,4,4,4,4,4,4,34,2,13,2
3854240,3,4,4,4,4,4,4,3,4,3,3,3,2,2,3,2,3,3,2,4,3,4,4,4,3,3,3,35,2,3,3
3854437,4,4,2,2,4,4,4,3,3,2,1,4,2,2,2,2,2,2,2,4,1,4,4,4,4,4,5,45,2,15,3
3854979,2,4,4,4,4,4,4,3,2,1,1,2,2,2,2,2,1,1,2,3,2,4,4,4,3,3,3,39,1,3,2
3856854,3,3,4,2,4,4,3,2,3,3,3,3,3,3,3,3,1,1,2,4,2,4,4,4,4,3,3,44,2,3,2
3857271,4,2,4,4,4,4,4,3,4,3,3,3,3,4,3,4,3,3,3,4,2,4,4,4,4,4,4,32,2,6,2
3859027,2,2,3,3,2,3,3,3,3,2,3,3,2,3,3,2,2,3,3,2,3,3,2,2,3,3,2,25,1,2,3
3860496,1,5,4,1,4,3,3,3,1,1,1,1,1,1,1,1,1,1,1,1,1,3,4,4,3,3,3,39,1,16,2
3860684,1,1,1,2,1,1,1,1,1,1,1,1,1,1,1,1,1,1,1,1,1,1,1,1,1,1,1,24,1,3,2
3860922,2,4,4,2,3,2,4,3,4,2,2,3,2,2,2,2,2,2,2,3,1,4,4,3,3,4,3,36,2,8,2
3860952,3,3,4,3,4,4,3,3,3,3,3,3,3,3,3,3,3,3,3,3,3,3,3,3,3,3,3,48,1,10,2
3861888,3,3,4,4,3,3,4,4,4,3,2,2,2,2,2,2,2,2,2,3,1,4,3,3,3,3,3,39,2,17,2
3862662,4,3,4,3,3,4,4,3,2,1,1,1,1,3,2,1,1,1,1,3,1,4,4,4,4,4,4,64,1,25,2
3865940,2,4,4,3,4,4,4,4,3,3,3,3,3,3,3,3,3,3,3,4,3,4,4,4,3,3,3,33,1,0,2
3866974,4,4,4,4,4,5,4,4,3,3,3,3,3,3,3,3,3,3,3,3,1,2,3,3,3,3,3,33,1,0,2
3867925,3,3,4,2,4,4,4,4,3,3,3,4,4,4,4,3,2,2,4,4,1,3,4,4,4,3,3,26,2,1,2
3868546,3,3,4,4,4,4,4,3,3,2,3,3,3,3,3,3,3,3,4,3,3,4,4,3,3,3,3,42,1,6,2
3868912,2,3,4,2,4,4,5,3,4,4,2,2,2,2,2,4,4,3,3,4,3,4,4,4,4,4,4,38,2,7,3
3870280,2,3,3,3,3,2,2,2,2,2,2,3,3,3,3,2,2,2,3,3,2,3,2,3,2,2,2,35,1,5,2
3870869,3,4,3,2,2,3,3,3,3,3,3,3,3,3,3,3,3,3,3,3,3,3,3,3,2,2,2,47,1,25,2
3870951,4,3,4,4,4,4,2,4,4,4,2,2,4,4,2,4,4,2,2,4,4,2,4,2,4,2,2,29,1,3,2
3871506,1,5,3,1,3,3,4,4,1,1,1,4,4,4,4,1,4,4,4,3,1,1,1,1,1,1,1,26,1,0,2
3871946,2,4,3,4,2,3,2,2,3,2,2,3,3,3,3,3,3,3,3,4,2,4,4,4,3,3,3,34,1,2,2
3873481,2,4,4,4,4,4,3,3,3,3,4,3,3,3,3,3,2,2,3,3,3,2,4,2,3,3,3,48,1,4,2
3874732,3,4,4,3,3,3,3,3,3,3,3,3,3,3,3,4,3,3,3,3,4,3,3,3,3,3,3,21,1,0,1
3876525,3,4,4,4,4,4,4,4,4,3,2,3,3,3,3,3,3,3,3,3,2,2,2,3,3,3,3,40,1,9,1
3876611,4,3,4,4,4,4,4,4,3,4,3,3,3,3,3,3,4,3,3,4,3,4,4,4,4,4,4,51,1,3,1
3877149,5,4,4,4,3,3,3,3,4,4,4,4,4,4,4,5,3,3,4,4,4,4,4,5,5,5,3,24,2,5,2
3879489,3,4,4,3,4,3,3,2,3,3,2,2,2,2,2,2,1,1,1,2,2,4,4,4,4,4,4,33,1,10,2
3879739,4,2,4,4,4,4,3,3,4,4,4,4,3,3,3,3,3,3,3,4,3,4,4,3,3,3,3,30,2,1,1
3880882,4,4,4,3,4,4,3,2,3,3,2,2,1,1,1,3,3,2,2,4,1,3,4,4,4,4,4,29,1,1,2
3881750,4,3,4,3,3,3,3,2,2,3,3,3,4,4,3,3,2,2,3,4,3,4,4,4,4,4,4,43,2,20,2
3882221,4,3,4,2,4,4,3,2,3,1,1,4,2,1,1,1,1,1,1,1,1,4,4,3,3,1,1,30,1,2,2
3882472,4,3,4,4,4,3,3,3,3,3,3,3,3,3,3,3,3,3,3,3,3,4,3,4,3,3,3,32,1,1,2
3882715,4,4,4,4,4,4,4,4,4,2,4,4,4,4,4,4,4,4,4,4,4,4,4,4,4,4,4,27,2,3,2
3883302,3,4,4,2,3,4,2,3,3,3,3,2,2,2,2,2,3,3,2,4,2,3,3,3,3,4,4,27,2,1,1
3883353,3,3,3,3,3,3,3,3,3,3,4,3,3,3,3,3,4,4,3,3,2,3,3,3,3,3,3,34,2,2,1
3883640,1,1,1,1,1,1,5,1,4,1,1,1,1,1,1,1,1,1,1,1,1,1,1,1,1,1,1,29,1,9,2
3883785,4,4,5,5,5,4,3,3,4,4,4,4,4,4,3,3,3,3,3,3,5,3,3,3,3,3,3,35,2,1,2
3885126,1,4,5,1,5,5,5,5,5,3,3,4,3,3,3,3,4,4,3,4,2,4,4,2,2,2,2,50,2,5,1
3885281,3,3,3,5,5,5,5,3,4,4,4,2,2,2,2,2,2,2,2,3,1,3,3,3,3,3,3,62,2,19,1
3885394,4,2,4,2,3,3,3,3,3,3,3,3,3,3,3,3,3,3,3,3,2,4,4,2,3,3,3,36,1,12,2
3885596,1,1,1,1,1,1,1,1,1,1,1,1,1,1,1,1,1,1,1,1,1,1,1,1,1,1,1,43,1,1,1
3886803,3,4,3,3,3,3,3,3,3,3,4,3,3,3,3,3,3,4,3,3,2,2,2,2,3,2,2,28,2,2,1
3886920,3,4,4,2,3,4,2,3,3,3,3,3,2,2,2,2,2,2,2,2,3,3,3,3,3,4,4,43,1,5,2
3887275,4,4,5,4,4,3,4,3,4,3,3,3,3,3,3,4,3,2,3,4,2,5,5,4,3,4,4,42,1,5,2
3887527,4,2,2,4,4,4,4,3,4,3,3,2,2,2,2,3,3,3,3,2,1,4,4,3,4,3,3,52,1,2,2
3887555,3,3,3,4,3,3,3,3,3,3,1,1,1,1,1,1,1,1,1,4,1,3,2,5,1,1,1,39,1,0,2
3888356,2,4,4,4,4,5,2,2,4,1,1,3,3,3,3,4,3,3,1,4,3,3,3,3,3,3,3,29,2,2,2
3889713,3,3,3,3,3,3,3,3,3,4,4,3,3,3,3,3,4,4,3,3,1,1,1,1,1,1,1,25,2,2,1
3891654,4,2,4,4,5,5,4,3,4,4,2,2,1,1,1,2,3,2,1,3,1,4,2,5,3,2,2,27,2,1,2
3892472,4,3,5,4,5,5,4,3,3,3,3,4,4,3,3,4,4,4,3,3,2,3,3,3,3,2,2,32,1,0,2
3893852,1,5,3,5,3,1,3,1,1,1,1,1,1,1,1,1,3,3,1,3,1,3,3,3,3,3,3,41,1,4,3
3894101,3,4,4,4,4,3,3,3,3,4,4,3,2,2,2,2,1,1,1,4,3,3,3,4,4,3,3,44,2,0,1
3895360,4,2,4,4,5,5,2,1,1,1,1,1,1,1,1,1,1,1,1,3,1,4,4,4,4,5,4,48,1,2,2
3895859,3,2,3,3,3,2,2,1,3,1,1,3,3,3,3,1,3,3,3,4,2,3,3,4,3,3,3,45,2,4,1
3896652,2,4,3,4,4,4,3,3,3,3,4,4,3,3,3,2,4,4,3,3,3,3,3,3,3,3,3,51,1,2,2
3897203,4,2,4,4,4,1,4,4,4,4,4,2,2,2,2,2,2,2,2,2,2,4,4,4,4,4,4,47,2,3,1
3898078,3,4,5,5,4,2,2,1,4,1,1,1,1,1,1,2,1,1,1,3,3,4,4,4,3,3,3,27,1,6,2
3898115,3,2,2,2,2,2,2,3,3,3,3,3,3,2,2,2,2,3,3,2,3,2,2,2,3,3,2,43,1,10,2
3899041,3,4,3,4,4,3,4,3,4,3,3,3,3,3,3,3,3,3,3,3,2,3,3,3,3,3,3,43,1,7,1
3901231,3,3,3,3,2,3,2,2,4,3,3,3,3,3,3,3,3,3,2,3,3,3,3,3,3,3,3,25,1,3,2
3902015,2,3,4,4,4,4,4,3,4,2,1,1,1,1,1,3,4,3,1,1,1,4,4,4,3,1,1,32,2,5,2
3902732,3,4,4,2,4,3,3,3,3,3,3,4,3,3,4,3,4,3,4,4,3,3,3,3,3,3,3,33,1,3,2
3905104,4,4,4,4,4,4,4,4,4,4,4,4,4,4,4,4,4,4,4,4,3,3,3,3,3,3,3,68,1,40,2
3905434,4,3,4,3,4,4,3,2,2,2,2,2,2,2,2,2,2,2,2,2,2,4,4,4,4,4,4,39,1,5,2
3905548,2,4,4,3,3,1,4,3,3,3,3,3,3,3,3,3,3,3,3,3,3,4,4,4,3,3,3,43,2,7,1
3906019,3,3,4,3,4,4,4,4,3,3,3,3,3,3,3,3,3,3,3,4,3,3,3,3,3,3,3,41,2,20,1
3907265,3,3,3,3,4,3,3,3,3,3,4,3,3,3,3,3,4,4,3,3,3,4,4,4,3,3,3,35,2,0,3
3907493,3,4,4,3,4,4,4,2,3,2,3,2,2,2,2,3,3,2,2,3,1,3,4,2,4,3,3,50,1,26,3
3907614,4,3,4,3,3,2,3,3,4,4,3,3,3,3,3,3,3,3,3,3,4,4,3,3,3,3,4,54,1,25,3
3908325,3,4,4,4,4,4,4,4,4,4,3,3,3,3,3,3,3,4,4,4,4,4,4,4,3,3,3,30,1,3,2
3914279,4,1,4,3,4,4,3,2,4,3,1,4,3,3,3,2,2,2,2,4,2,4,4,3,3,3,3,29,1,1,2
3914892,4,2,3,1,1,2,4,3,4,3,2,3,1,1,1,1,1,1,1,1,1,2,2,2,4,4,4,33,2,5,2
3914977,4,3,4,4,4,4,3,4,4,3,2,2,2,2,2,4,4,3,2,4,2,4,4,4,4,4,3,50,2,30,2
3915171,5,2,4,4,4,5,3,2,4,3,3,3,3,3,3,3,4,4,3,3,1,3,3,4,3,3,3,42,1,5,3
3915238,4,3,4,3,4,5,3,3,3,3,3,3,3,3,3,3,3,3,3,4,3,4,4,4,3,3,3,39,1,9,2
3915915,2,4,4,4,4,4,4,3,3,4,4,3,3,3,3,3,3,3,3,3,3,3,3,3,3,3,3,46,2,20,1
3916200,3,4,4,4,4,4,3,3,4,1,1,3,1,1,1,3,2,2,2,4,2,4,4,3,4,4,4,45,2,6,2
3916211,3,3,3,3,4,4,4,4,4,4,4,3,3,3,3,3,3,3,3,3,4,3,3,3,3,3,3,39,2,20,1
3916227,4,2,4,1,2,4,4,4,2,1,1,1,1,1,1,1,1,1,1,1,1,4,2,1,1,1,1,33,2,1,2
3916959,4,2,4,4,4,5,3,2,2,2,2,2,2,2,2,3,2,2,2,2,1,3,3,3,3,3,3,26,1,4,2
3917690,3,3,3,3,3,3,3,3,3,5,4,1,1,1,1,3,3,3,3,3,3,4,4,4,4,4,4,42,1,4,1
3918261,3,4,5,3,5,5,5,3,4,4,4,4,3,3,3,5,5,5,4,5,1,5,5,5,5,5,5,41,1,10,2
3918522,3,4,4,2,3,2,2,1,2,1,1,2,2,2,1,1,2,2,1,3,1,3,3,4,3,2,2,29,2,4,3
3918725,3,3,3,3,3,3,3,3,3,3,2,2,2,2,2,2,2,2,2,2,2,3,3,3,3,3,3,33,1,1,2
3919223,4,2,4,4,3,3,4,2,3,4,3,2,1,1,1,1,2,2,1,4,2,4,4,4,4,4,4,62,1,3,1
3920583,2,2,2,2,2,3,2,2,2,2,2,2,2,2,2,2,2,2,2,2,2,2,2,2,2,2,2,33,2,10,2
3921706,4,5,5,4,3,4,4,2,4,1,1,5,3,3,3,3,3,3,4,4,3,4,3,3,3,3,3,31,1,2,2
3921791,2,4,5,3,4,4,5,3,3,1,1,3,4,1,1,1,1,1,2,5,1,3,3,3,2,4,4,37,1,2,2
3922186,4,4,4,4,4,4,4,4,4,4,4,4,4,4,3,4,4,4,3,4,3,4,4,4,4,4,4,32,1,3,2
3923425,3,4,3,2,2,3,1,1,1,1,1,1,1,1,1,1,1,1,1,1,1,4,5,5,5,5,5,38,2,10,2
3923915,3,4,4,4,4,3,3,3,4,3,3,4,4,4,3,3,4,4,4,3,3,4,4,4,4,4,4,55,1,5,2
3924202,1,1,1,1,1,4,1,1,1,1,1,1,1,1,1,3,1,1,1,1,1,1,1,1,1,1,1,53,1,12,2
3924642,2,4,4,2,4,4,3,1,3,1,1,1,1,1,1,1,1,1,1,3,1,3,3,3,3,3,3,38,1,10,2
3924910,3,4,5,3,5,4,4,3,3,3,3,3,3,3,3,3,3,3,3,3,3,4,4,4,3,3,3,44,1,5,3
3925239,3,4,4,3,4,2,2,2,2,2,1,2,1,2,2,1,1,2,2,2,2,4,4,3,4,4,3,68,1,30,2
3925655,4,2,5,3,5,4,4,4,3,3,3,3,2,3,3,3,2,3,3,4,2,4,4,4,4,4,5,32,1,3,2
3926263,2,5,5,3,2,1,4,4,5,1,2,4,3,4,2,4,1,1,2,3,3,4,5,2,3,2,2,33,1,2,2
3926983,4,4,3,3,3,3,3,3,3,3,3,2,2,2,2,2,2,2,2,2,2,3,3,3,3,3,3,52,1,4,2
3927484,2,5,5,5,4,4,4,3,4,4,3,2,2,2,2,2,3,3,3,3,4,5,4,5,5,3,3,27,2,5,3
3928462,4,3,4,4,4,4,4,4,3,2,3,4,4,4,4,2,3,3,3,3,3,4,4,4,4,4,4,61,1,4,2
3929323,3,3,3,4,4,4,3,3,3,3,3,3,3,3,3,3,3,3,3,3,3,3,3,3,3,3,3,66,2,20,3
3930536,4,2,4,4,4,4,4,2,3,3,3,2,2,2,2,3,3,3,2,2,2,2,2,2,2,2,2,27,1,1,2
3932412,3,3,3,4,4,4,3,3,3,4,3,3,2,2,2,2,3,3,2,3,2,2,3,3,3,2,2,38,2,3,3
3932978,4,2,4,4,4,4,4,3,4,3,4,2,2,4,2,4,3,3,2,3,1,4,4,4,4,4,3,36,2,6,2
3933822,4,2,4,4,4,4,4,2,2,2,2,4,3,4,4,2,4,3,4,4,2,2,2,4,4,3,3,37,1,0,2
3935058,2,2,2,2,2,2,2,2,3,3,1,2,2,2,2,2,2,2,2,2,2,3,3,2,2,2,2,46,2,2,2
3935086,3,1,5,3,4,3,4,3,3,1,1,3,3,3,3,2,1,1,2,4,3,4,4,4,4,4,4,34,1,8,3
3936100,4,1,4,3,4,4,3,2,3,2,2,2,2,2,2,3,2,2,2,2,4,4,4,4,4,4,3,63,1,30,1
3936802,3,4,4,4,4,4,4,4,4,2,2,4,4,4,4,3,3,3,4,4,4,4,4,4,3,3,3,45,1,3,2
